0 [0.81170847 0.18829153]
0 [0.60541035 0.39458965]
0 [0.97882707 0.02117293]
0 [0.75534945 0.24465055]
1 [0.01506721 0.98493279]
0 [0.56655626 0.43344374]
1 [0.46963509 0.53036491]
0 [0.95150325 0.04849675]
0 [0.93300047 0.06699953]
0 [0.57970979 0.42029021]
1 [0.06309196 0.93690804]
0 [0.51324059 0.48675941]
1 [0.19617517 0.80382483]
1 [0.24652485 0.75347515]
0 [0.60936543 0.39063457]
0 [0.72170438 0.27829562]
1 [0.12293832 0.87706168]
0 [0.95625787 0.04374213]
1 [0.1731597 0.8268403]
0 [0.78300219 0.21699781]
1 [0.077256 0.922744]
1 [0.48457538 0.51542462]
1 [0.07465043 0.92534957]
1 [0.02117354 0.97882646]
1 [0.18712043 0.81287957]
1 [0.01966694 0.98033306]
0 [0.9027574 0.0972426]
1 [0.10252741 0.89747259]
1 [0.29373517 0.70626483]
0 [0.55603281 0.44396719]
1 [0.03727915 0.96272085]
0 [0.96881656 0.03118344]
1 [0.07888084 0.92111916]
0 [0.84124527 0.15875473]
1 [0.02015579 0.97984421]
0 [0.54529551 0.45470449]
1 [0.08920285 0.91079715]
0 [0.84972548 0.15027452]
0 [0.82509067 0.17490933]
0 [0.89122318 0.10877682]
0 [0.50621793 0.49378207]
0 [0.89621873 0.10378127]
0 [0.52434138 0.47565862]
0 [0.89937015 0.10062985]
0 [0.89604331 0.10395669]
1 [0.19479727 0.80520273]
0 [0.53655512 0.46344488]
1 [0.0988156 0.9011844]
1 [0.16195895 0.83804105]
1 [0.06706079 0.93293921]
1 [0.31217517 0.68782483]
1 [0.1417584 0.8582416]
0 [0.85600253 0.14399747]
1 [0.08913893 0.91086107]
1 [0.22193341 0.77806659]
1 [0.09475194 0.90524806]
1 [0.24365275 0.75634725]
0 [0.96355165 0.03644835]
1 [0.36987245 0.63012755]
1 [0.04651467 0.95348533]
0 [0.83787105 0.16212895]
1 [0.30401196 0.69598804]
0 [0.52521544 0.47478456]
1 [0.25596292 0.74403708]
0 [0.52497392 0.47502608]
1 [0.11176317 0.88823683]
1 [0.49741216 0.50258784]
1 [0.02134674 0.97865326]
0 [0.51557993 0.48442007]
0 [0.66804712 0.33195288]
0 [0.67483916 0.32516084]
1 [0.40244639 0.59755361]
0 [0.87226235 0.12773765]
1 [0.29060344 0.70939656]
0 [0.81276774 0.18723226]
1 [0.42104961 0.57895039]
1 [0.36645649 0.63354351]
1 [0.29373517 0.70626483]
1 [0.05538774 0.94461226]
0 [0.61136016 0.38863984]
0 [0.66217816 0.33782184]
1 [0.43590465 0.56409535]
0 [0.69068474 0.30931526]
0 [0.97644569 0.02355431]
0 [0.59547329 0.40452671]
0 [0.60176875 0.39823125]
1 [0.16935793 0.83064207]
1 [0.2895826 0.7104174]
1 [0.17605011 0.82394989]
1 [0.09271018 0.90728982]
0 [0.76308985 0.23691015]
1 [0.05641936 0.94358064]
1 [0.34222664 0.65777336]
1 [0.18246945 0.81753055]
1 [0.12223412 0.87776588]
1 [0.40612177 0.59387823]
1 [0.00344604 0.99655396]
1 [0.08859751 0.91140249]
1 [0.13393041 0.86606959]
0 [0.96881656 0.03118344]
0 [0.75602825 0.24397175]
1 [0.30326973 0.69673027]
1 [0.17978608 0.82021392]
0 [0.6640711 0.3359289]
0 [0.96052277 0.03947723]
0 [0.58709321 0.41290679]
0 [0.5436196 0.4563804]
0 [0.69234833 0.30765167]
0 [0.55284302 0.44715698]
0 [0.52458536 0.47541464]
1 [0.16761632 0.83238368]
1 [0.06779921 0.93220079]
0 [0.96368437 0.03631563]
0 [0.9786581 0.0213419]
1 [0.3200066 0.6799934]
1 [0.05353949 0.94646051]
0 [0.91895139 0.08104861]
