0 [0.89605363 0.10394637]
0 [0.83122064 0.16877936]
0 [0.80833727 0.19166273]
0 [0.89280789 0.10719211]
0 [0.85532217 0.14467783]
0 [0.95959924 0.04040076]
0 [0.97972684 0.02027316]
1 [0.26224761 0.73775239]
1 [0.45876182 0.54123818]
1 [0.06780192 0.93219808]
0 [0.99822448 0.00177552]
0 [0.88084633 0.11915367]
0 [9.99953950e-01 4.60498562e-05]
0 [0.96553811 0.03446189]
1 [0.03337585 0.96662415]
0 [0.94842382 0.05157618]
1 [0.03989397 0.96010603]
0 [0.96494012 0.03505988]
1 [0.00317029 0.99682971]
0 [0.99692158 0.00307842]
0 [0.99719823 0.00280177]
0 [0.69109612 0.30890388]
1 [0.21313456 0.78686544]
0 [0.98758527 0.01241473]
1 [0.04960252 0.95039748]
0 [0.99538484 0.00461516]
0 [0.69184567 0.30815433]
0 [0.91285739 0.08714261]
1 [0.00179788 0.99820212]
0 [0.99464114 0.00535886]
0 [0.98808093 0.01191907]
0 [0.99079338 0.00920662]
0 [0.8337166 0.1662834]
1 [0.0443387 0.9556613]
0 [0.81541945 0.18458055]
0 [0.98204706 0.01795294]
0 [0.95394992 0.04605008]
1 [0.004906 0.995094]
0 [0.99764388 0.00235612]
0 [0.71786237 0.28213763]
0 [0.80381291 0.19618709]
0 [0.92145458 0.07854542]
0 [0.50357823 0.49642177]
1 [0.01330236 0.98669764]
1 [0.07866459 0.92133541]
1 [0.00662948 0.99337052]
1 [0.30610591 0.69389409]
0 [0.99723948 0.00276052]
0 [0.65512586 0.34487414]
0 [0.99490398 0.00509602]
0 [0.97986016 0.02013984]
1 [0.02902091 0.97097909]
0 [0.61599991 0.38400009]
0 [0.94785508 0.05214492]
0 [0.56577786 0.43422214]
0 [0.78530048 0.21469952]
0 [0.99819594 0.00180406]
0 [0.95005833 0.04994167]
1 [0.29280994 0.70719006]
0 [0.8612446 0.1387554]
0 [0.9964746 0.0035254]
0 [0.68081049 0.31918951]
0 [0.98418967 0.01581033]
0 [0.99763494 0.00236506]
0 [0.95876799 0.04123201]
0 [0.80128839 0.19871161]
0 [0.88271896 0.11728104]
0 [0.58741681 0.41258319]
1 [0.0386804 0.9613196]
1 [0.03050438 0.96949562]
0 [0.99717172 0.00282828]
1 [0.00533666 0.99466334]
0 [0.9817633 0.0182367]
1 [0.00693876 0.99306124]
0 [0.98802488 0.01197512]
1 [0.04734791 0.95265209]
1 [0.03005172 0.96994828]
0 [9.99766170e-01 2.33830307e-04]
0 [0.99266349 0.00733651]
0 [0.92256529 0.07743471]
0 [0.98079639 0.01920361]
0 [0.98271829 0.01728171]
1 [5.22159248e-04 9.99477841e-01]
0 [0.87373503 0.12626497]
1 [0.00613926 0.99386074]
0 [0.97059255 0.02940745]
0 [0.84178757 0.15821243]
0 [9.99654988e-01 3.45011685e-04]
1 [0.00148366 0.99851634]
1 [0.2563043 0.7436957]
0 [0.99319086 0.00680914]
1 [0.46966553 0.53033447]
1 [0.00110516 0.99889484]
0 [0.99731439 0.00268561]
0 [0.97006256 0.02993744]
0 [0.86557375 0.13442625]
0 [0.90515348 0.09484652]
0 [0.98529557 0.01470443]
1 [0.00334377 0.99665623]
0 [0.96657088 0.03342912]
0 [9.99899000e-01 1.01000183e-04]
0 [0.93891776 0.06108224]
0 [0.99591839 0.00408161]
0 [0.99475939 0.00524061]
1 [0.15130014 0.84869986]
0 [0.94139947 0.05860053]
0 [0.99412594 0.00587406]
0 [0.97770742 0.02229258]
0 [0.9745491 0.0254509]
0 [0.94571513 0.05428487]
1 [0.44421205 0.55578795]
0 [0.98839689 0.01160311]
0 [0.82057738 0.17942262]
1 [0.15650068 0.84349932]
0 [0.93217623 0.06782377]
0 [0.99678558 0.00321442]
0 [0.9708649 0.0291351]
0 [9.99517814e-01 4.82186354e-04]
0 [0.97334732 0.02665268]
1 [0.36382154 0.63617846]
0 [0.94702296 0.05297704]
0 [0.98473851 0.01526149]
1 [0.00633249 0.99366751]
1 [0.00893811 0.99106189]
0 [0.55624976 0.44375024]
1 [0.26162918 0.73837082]
0 [0.84118305 0.15881695]
0 [0.94002855 0.05997145]
0 [0.99607282 0.00392718]
1 [0.46137917 0.53862083]
0 [0.99857784 0.00142216]
0 [9.99659902e-01 3.40098333e-04]
0 [0.98645977 0.01354023]
0 [0.9909853 0.0090147]
1 [0.00165039 0.99834961]
0 [0.98566434 0.01433566]
0 [0.91676023 0.08323977]
0 [0.9635965 0.0364035]
1 [0.4600293 0.5399707]
0 [0.89672272 0.10327728]
0 [0.97828969 0.02171031]
1 [0.15573271 0.84426729]
1 [0.04056347 0.95943653]
0 [0.94563488 0.05436512]
0 [0.99732001 0.00267999]
0 [0.91128295 0.08871705]
0 [0.99638538 0.00361462]
1 [0.00188354 0.99811646]
0 [0.98008583 0.01991417]
0 [9.99252420e-01 7.47579915e-04]
1 [0.01750764 0.98249236]
0 [0.96410482 0.03589518]
0 [0.84741619 0.15258381]
0 [0.97464043 0.02535957]
0 [0.96331774 0.03668226]
1 [0.0140473 0.9859527]
0 [0.9930558 0.0069442]
1 [0.0635199 0.9364801]
0 [0.94071258 0.05928742]
0 [0.90496155 0.09503845]
0 [0.87857594 0.12142406]
0 [9.99571729e-01 4.28270674e-04]
0 [0.60014161 0.39985839]
1 [0.16161957 0.83838043]
0 [0.96784426 0.03215574]
0 [0.99495588 0.00504412]
0 [0.8715023 0.1284977]
1 [4.60292862e-04 9.99539707e-01]
0 [0.95422937 0.04577063]
0 [0.9940945 0.0059055]
0 [0.95627534 0.04372466]
0 [0.59104751 0.40895249]
0 [9.99334235e-01 6.65764970e-04]
0 [0.92080132 0.07919868]
0 [0.98002691 0.01997309]
0 [0.90219631 0.09780369]
0 [0.92777881 0.07222119]
1 [0.21015522 0.78984478]
1 [0.03690379 0.96309621]
0 [0.97542682 0.02457318]
1 [0.23244698 0.76755302]
1 [0.44240483 0.55759517]
1 [0.49476063 0.50523937]
0 [9.99870895e-01 1.29104725e-04]
0 [0.90384167 0.09615833]
0 [0.99706467 0.00293533]
1 [0.23671639 0.76328361]
1 [0.02229259 0.97770741]
0 [9.99749099e-01 2.50901085e-04]
0 [0.99614337 0.00385663]
0 [9.99650952e-01 3.49048489e-04]
1 [0.07001449 0.92998551]
1 [0.00261146 0.99738854]
0 [0.6485348 0.3514652]
0 [0.99721272 0.00278728]
1 [0.00639863 0.99360137]
1 [0.0545405 0.9454595]
0 [0.96826156 0.03173844]
0 [0.90604253 0.09395747]
0 [0.99697217 0.00302783]
1 [0.0022116 0.9977884]
1 [0.40891737 0.59108263]
1 [0.02095203 0.97904797]
1 [0.38063392 0.61936608]
0 [0.9815158 0.0184842]
0 [0.55887574 0.44112426]
0 [0.9727195 0.0272805]
0 [0.93782733 0.06217267]
0 [0.98480883 0.01519117]
0 [0.96545991 0.03454009]
0 [0.98773074 0.01226926]
0 [0.996888 0.003112]
1 [0.3796049 0.6203951]
0 [0.94961749 0.05038251]
1 [0.2800463 0.7199537]
0 [0.99365033 0.00634967]
0 [0.70933023 0.29066977]
0 [0.61166838 0.38833162]
1 [0.21150232 0.78849768]
0 [0.98932746 0.01067254]
0 [0.98795805 0.01204195]
0 [0.53493545 0.46506455]
0 [0.69343465 0.30656535]
0 [0.81623529 0.18376471]
0 [0.99823436 0.00176564]
0 [0.9927389 0.0072611]
0 [0.80232646 0.19767354]
0 [0.55114125 0.44885875]
1 [0.00759184 0.99240816]
1 [0.4323022 0.5676978]
0 [0.96856553 0.03143447]
0 [0.97357632 0.02642368]
0 [0.78707328 0.21292672]
1 [0.14863429 0.85136571]
0 [0.98953028 0.01046972]
0 [0.97453938 0.02546062]
0 [0.98322011 0.01677989]
1 [0.01843934 0.98156066]
0 [0.99823661 0.00176339]
0 [0.95624116 0.04375884]
0 [0.97120911 0.02879089]
0 [0.9328169 0.0671831]
0 [0.80207026 0.19792974]
0 [0.93544009 0.06455991]
0 [0.99287852 0.00712148]
0 [0.80956159 0.19043841]
0 [0.95982315 0.04017685]
0 [9.99011286e-01 9.88714093e-04]
0 [0.77587974 0.22412026]
0 [0.96478324 0.03521676]
0 [0.99845265 0.00154735]
0 [0.99180061 0.00819939]
0 [9.99252676e-01 7.47323548e-04]
0 [0.98779638 0.01220362]
0 [0.90131416 0.09868584]
0 [0.9989987 0.0010013]
0 [0.99545944 0.00454056]
0 [0.99278083 0.00721917]
0 [0.95744791 0.04255209]
0 [0.73789246 0.26210754]
0 [0.97946767 0.02053233]
0 [0.99306979 0.00693021]
0 [0.56529474 0.43470526]
1 [0.28084442 0.71915558]
0 [0.99109648 0.00890352]
1 [0.14958999 0.85041001]
0 [0.95134096 0.04865904]
0 [0.98985075 0.01014925]
0 [0.75384984 0.24615016]
1 [0.00840718 0.99159282]
1 [0.19166639 0.80833361]
1 [0.20127403 0.79872597]
1 [0.03194839 0.96805161]
0 [0.99837567 0.00162433]
0 [0.64700275 0.35299725]
0 [0.99601768 0.00398232]
0 [0.95864702 0.04135298]
0 [0.91297829 0.08702171]
0 [0.98586514 0.01413486]
0 [0.82011061 0.17988939]
1 [0.12528826 0.87471174]
0 [0.99878517 0.00121483]
0 [0.98883898 0.01116102]
1 [0.03157459 0.96842541]
0 [0.76536608 0.23463392]
1 [0.02725116 0.97274884]
0 [0.9943695 0.0056305]
1 [0.10824363 0.89175637]
0 [0.98741424 0.01258576]
0 [0.98401884 0.01598116]
1 [0.25617195 0.74382805]
1 [0.08962687 0.91037313]
1 [0.39425545 0.60574455]
0 [0.99801774 0.00198226]
1 [0.00137535 0.99862465]
1 [0.35478727 0.64521273]
0 [0.99834216 0.00165784]
0 [0.97418659 0.02581341]
0 [0.80158338 0.19841662]
0 [0.9937569 0.0062431]
0 [0.96660292 0.03339708]
0 [0.96256953 0.03743047]
1 [0.04393715 0.95606285]
0 [0.91120744 0.08879256]
1 [0.47782173 0.52217827]
0 [0.97337671 0.02662329]
0 [0.99275577 0.00724423]
0 [0.98911474 0.01088526]
0 [0.74958483 0.25041517]
0 [0.96444339 0.03555661]
0 [0.99112971 0.00887029]
0 [0.98366637 0.01633363]
1 [0.02205112 0.97794888]
0 [0.99783531 0.00216469]
0 [0.60283594 0.39716406]
0 [0.99035638 0.00964362]
0 [0.97854482 0.02145518]
0 [0.97735592 0.02264408]
0 [0.58737378 0.41262622]
1 [0.01993734 0.98006266]
0 [0.98910032 0.01089968]
1 [0.24685394 0.75314606]
0 [0.97886855 0.02113145]
0 [0.96264911 0.03735089]
0 [0.98945695 0.01054305]
1 [0.0029187 0.9970813]
1 [0.04420492 0.95579508]
0 [0.98922514 0.01077486]
1 [0.12019318 0.87980682]
0 [0.80362175 0.19637825]
1 [0.18603689 0.81396311]
0 [0.99511774 0.00488226]
0 [0.99872368 0.00127632]
0 [0.97445783 0.02554217]
0 [0.9098435 0.0901565]
0 [0.96803753 0.03196247]
0 [0.99871074 0.00128926]
0 [0.99452791 0.00547209]
0 [0.92256856 0.07743144]
0 [0.99423042 0.00576958]
0 [0.97813061 0.02186939]
0 [0.986 0.014]
0 [0.96835278 0.03164722]
0 [0.98641948 0.01358052]
0 [0.97932876 0.02067124]
1 [0.22297774 0.77702226]
0 [0.98417893 0.01582107]
0 [0.97244285 0.02755715]
0 [0.56259645 0.43740355]
0 [0.72569241 0.27430759]
0 [0.99611676 0.00388324]
0 [0.9981452 0.0018548]
1 [0.39038366 0.60961634]
0 [0.99752565 0.00247435]
1 [0.2569979 0.7430021]
0 [0.93150867 0.06849133]
0 [0.69432125 0.30567875]
0 [0.90821607 0.09178393]
1 [0.05523432 0.94476568]
0 [0.991008 0.008992]
0 [0.89457712 0.10542288]
0 [0.99801437 0.00198563]
0 [0.9932492 0.0067508]
1 [0.07059834 0.92940166]
1 [0.00411563 0.99588437]
0 [0.71861181 0.28138819]
0 [0.99062556 0.00937444]
1 [2.61875835e-04 9.99738124e-01]
0 [0.53954942 0.46045058]
1 [5.85359754e-04 9.99414640e-01]
0 [0.9749112 0.0250888]
0 [0.56874357 0.43125643]
0 [0.94641237 0.05358763]
0 [0.9920179 0.0079821]
1 [0.47013834 0.52986166]
1 [3.30936266e-04 9.99669064e-01]
0 [0.85853725 0.14146275]
0 [0.98782219 0.01217781]
0 [0.98968694 0.01031306]
0 [0.98559864 0.01440136]
1 [0.37944476 0.62055524]
0 [0.99140156 0.00859844]
0 [0.63973676 0.36026324]
0 [0.70793773 0.29206227]
1 [0.14367067 0.85632933]
0 [0.97383751 0.02616249]
0 [0.98375069 0.01624931]
1 [0.28463289 0.71536711]
0 [0.99815358 0.00184642]
0 [0.96703475 0.03296525]
0 [0.99665434 0.00334566]
0 [0.6187525 0.3812475]
0 [0.64851711 0.35148289]
0 [0.99829368 0.00170632]
0 [0.9972123 0.0027877]
0 [0.95978335 0.04021665]
1 [0.04635233 0.95364767]
1 [0.38938236 0.61061764]
0 [9.99616258e-01 3.83742457e-04]
0 [0.97709056 0.02290944]
0 [0.954384 0.045616]
0 [0.94886198 0.05113802]
0 [0.99706141 0.00293859]
0 [0.99223651 0.00776349]
0 [0.99780878 0.00219122]
1 [0.29336983 0.70663017]
0 [0.96967267 0.03032733]
0 [0.98965642 0.01034358]
0 [0.97743337 0.02256663]
0 [0.99398736 0.00601264]
0 [0.95341737 0.04658263]
0 [0.99260416 0.00739584]
0 [0.82549309 0.17450691]
1 [0.48523511 0.51476489]
0 [0.71387576 0.28612424]
0 [0.97162979 0.02837021]
1 [0.04714454 0.95285546]
0 [0.99585679 0.00414321]
1 [0.18611355 0.81388645]
0 [0.95520613 0.04479387]
0 [0.98283117 0.01716883]
1 [0.01096603 0.98903397]
0 [0.76247365 0.23752635]
0 [0.95323087 0.04676913]
0 [0.97761762 0.02238238]
0 [0.99550324 0.00449676]
0 [0.99239003 0.00760997]
0 [0.99846748 0.00153252]
0 [0.93131314 0.06868686]
0 [0.9928198 0.0071802]
0 [0.91519886 0.08480114]
0 [0.96247633 0.03752367]
1 [7.85678543e-04 9.99214321e-01]
0 [0.86619501 0.13380499]
0 [0.94329602 0.05670398]
0 [0.94924246 0.05075754]
0 [0.99347532 0.00652468]
0 [0.95693736 0.04306264]
0 [0.99759388 0.00240612]
0 [0.96079215 0.03920785]
0 [0.99663394 0.00336606]
0 [0.91780431 0.08219569]
0 [0.99103091 0.00896909]
1 [0.01892163 0.98107837]
1 [0.49237062 0.50762938]
0 [0.99862503 0.00137497]
0 [0.99740371 0.00259629]
0 [0.98276873 0.01723127]
0 [0.99636216 0.00363784]
0 [0.9934402 0.0065598]
1 [0.49495377 0.50504623]
1 [0.00137099 0.99862901]
0 [0.9971988 0.0028012]
0 [0.9967193 0.0032807]
0 [0.983011 0.016989]
1 [0.0492298 0.9507702]
1 [0.25959499 0.74040501]
0 [0.94845472 0.05154528]
0 [0.77474313 0.22525687]
0 [0.87258155 0.12741845]
0 [0.90304447 0.09695553]
0 [0.74484934 0.25515066]
0 [9.99293067e-01 7.06932540e-04]
0 [0.98508707 0.01491293]
0 [0.99539936 0.00460064]
0 [0.83964531 0.16035469]
0 [0.96012061 0.03987939]
0 [0.9886958 0.0113042]
1 [0.08449333 0.91550667]
0 [0.88243205 0.11756795]
1 [0.0104754 0.9895246]
0 [0.87137548 0.12862452]
0 [0.95780033 0.04219967]
0 [0.99737572 0.00262428]
0 [0.73304209 0.26695791]
0 [0.9056959 0.0943041]
0 [0.94948758 0.05051242]
0 [0.96485362 0.03514638]
0 [0.86479304 0.13520696]
1 [0.00229063 0.99770937]
1 [2.41735092e-04 9.99758265e-01]
0 [0.98542726 0.01457274]
0 [0.99291978 0.00708022]
0 [0.87766512 0.12233488]
0 [0.98345393 0.01654607]
0 [0.97755969 0.02244031]
0 [0.98643825 0.01356175]
0 [0.98808873 0.01191127]
0 [0.98165919 0.01834081]
0 [0.57193721 0.42806279]
0 [0.98789619 0.01210381]
0 [0.87179049 0.12820951]
0 [9.99668425e-01 3.31575442e-04]
0 [0.9917454 0.0082546]
0 [0.94942072 0.05057928]
0 [0.99469508 0.00530492]
0 [0.70266869 0.29733131]
0 [0.99544233 0.00455767]
0 [0.97765439 0.02234561]
0 [0.99348006 0.00651994]
1 [0.20172022 0.79827978]
0 [0.86445918 0.13554082]
0 [0.94870973 0.05129027]
1 [0.41441644 0.58558356]
0 [0.91016153 0.08983847]
0 [0.85435181 0.14564819]
0 [0.97379632 0.02620368]
0 [0.99193103 0.00806897]
0 [0.59478315 0.40521685]
0 [0.95739688 0.04260312]
0 [0.98948284 0.01051716]
0 [0.98488235 0.01511765]
0 [0.81492376 0.18507624]
0 [0.96636934 0.03363066]
0 [0.97957523 0.02042477]
0 [0.997098 0.002902]
0 [0.91399866 0.08600134]
0 [0.995927 0.004073]
0 [0.99728277 0.00271723]
1 [4.87788911e-05 9.99951221e-01]
0 [0.99185627 0.00814373]
1 [0.01606105 0.98393895]
0 [0.9923703 0.0076297]
0 [0.99710977 0.00289023]
0 [0.86793447 0.13206553]
0 [0.99008406 0.00991594]
0 [0.98503407 0.01496593]
0 [0.70814734 0.29185266]
0 [0.95372858 0.04627142]
0 [0.99392285 0.00607715]
0 [0.95863832 0.04136168]
1 [6.11524536e-04 9.99388475e-01]
0 [0.98340717 0.01659283]
0 [0.97380302 0.02619698]
0 [0.94980016 0.05019984]
0 [0.99163117 0.00836883]
0 [0.76126486 0.23873514]
0 [0.99545749 0.00454251]
0 [0.99839927 0.00160073]
1 [0.0519164 0.9480836]
0 [0.57388018 0.42611982]
0 [0.5411645 0.4588355]
0 [0.54271675 0.45728325]
0 [0.9632464 0.0367536]
0 [0.71934679 0.28065321]
0 [0.91376416 0.08623584]
0 [0.97571026 0.02428974]
1 [0.05931258 0.94068742]
1 [0.22870745 0.77129255]
0 [0.99722824 0.00277176]
0 [0.96211204 0.03788796]
0 [0.97821813 0.02178187]
0 [0.91125019 0.08874981]
1 [0.45119013 0.54880987]
0 [0.99140042 0.00859958]
0 [0.9603104 0.0396896]
0 [0.93657126 0.06342874]
0 [0.95248362 0.04751638]
0 [0.93537514 0.06462486]
0 [0.99527418 0.00472582]
0 [0.99305923 0.00694077]
0 [0.85403525 0.14596475]
1 [0.00582503 0.99417497]
1 [0.48944302 0.51055698]
0 [0.8203752 0.1796248]
0 [0.98562767 0.01437233]
1 [0.00240408 0.99759592]
1 [0.14425487 0.85574513]
0 [0.97661267 0.02338733]
1 [0.04195483 0.95804517]
0 [0.94939454 0.05060546]
0 [0.56481103 0.43518897]
0 [0.95705959 0.04294041]
0 [0.83070874 0.16929126]
1 [0.01805618 0.98194382]
0 [0.8164513 0.1835487]
0 [0.83995726 0.16004274]
0 [0.94506788 0.05493212]
0 [0.97786275 0.02213725]
0 [0.95284219 0.04715781]
0 [0.99889261 0.00110739]
0 [0.84608375 0.15391625]
0 [0.99524159 0.00475841]
0 [0.93855424 0.06144576]
0 [0.99595035 0.00404965]
1 [0.02443151 0.97556849]
0 [0.98740467 0.01259533]
0 [0.67076034 0.32923966]
0 [0.99617568 0.00382432]
0 [0.94827441 0.05172559]
0 [0.51963184 0.48036816]
0 [0.95191937 0.04808063]
0 [0.89450465 0.10549535]
0 [0.97741043 0.02258957]
1 [0.0168951 0.9831049]
0 [0.98644419 0.01355581]
0 [0.95163603 0.04836397]
0 [0.97533828 0.02466172]
1 [0.01474165 0.98525835]
1 [0.19148831 0.80851169]
0 [0.95568345 0.04431655]
0 [0.99619946 0.00380054]
1 [0.05944327 0.94055673]
0 [0.98583063 0.01416937]
0 [0.98731242 0.01268758]
1 [0.41340897 0.58659103]
0 [0.99817123 0.00182877]
0 [0.97939251 0.02060749]
1 [0.03090999 0.96909001]
0 [0.9508825 0.0491175]
0 [0.98771142 0.01228858]
0 [9.99699821e-01 3.00179215e-04]
0 [0.98884121 0.01115879]
0 [0.90711321 0.09288679]
0 [0.99486762 0.00513238]
0 [0.9915145 0.0084855]
0 [0.96996719 0.03003281]
0 [0.59954572 0.40045428]
0 [0.99644708 0.00355292]
1 [4.14652669e-04 9.99585347e-01]
0 [0.53658085 0.46341915]
0 [0.99769535 0.00230465]
0 [0.98358219 0.01641781]
0 [0.99018546 0.00981454]
0 [0.85766027 0.14233973]
0 [0.98363073 0.01636927]
1 [0.01476123 0.98523877]
0 [0.99431106 0.00568894]
0 [0.99819042 0.00180958]
1 [0.10791411 0.89208589]
0 [0.96393689 0.03606311]
0 [0.7156454 0.2843546]
0 [0.88427099 0.11572901]
0 [0.97405908 0.02594092]
0 [0.99461165 0.00538835]
0 [0.94700474 0.05299526]
0 [0.99290135 0.00709865]
0 [0.99000578 0.00999422]
1 [0.00787523 0.99212477]
0 [0.57135988 0.42864012]
0 [0.97230909 0.02769091]
0 [0.9592843 0.0407157]
1 [0.37529946 0.62470054]
1 [5.94682734e-04 9.99405317e-01]
0 [0.9482856 0.0517144]
1 [0.03557305 0.96442695]
0 [0.99286577 0.00713423]
1 [0.2207963 0.7792037]
0 [0.92046329 0.07953671]
1 [0.1212804 0.8787196]
0 [0.98198444 0.01801556]
0 [0.83599481 0.16400519]
1 [0.41370823 0.58629177]
0 [0.94631633 0.05368367]
0 [0.92537932 0.07462068]
0 [0.87337865 0.12662135]
0 [0.79996268 0.20003732]
0 [0.98056653 0.01943347]
0 [0.98280911 0.01719089]
0 [0.98945898 0.01054102]
0 [0.97789702 0.02210298]
0 [9.99889079e-01 1.10921045e-04]
1 [0.02565784 0.97434216]
0 [0.99849514 0.00150486]
0 [0.96351807 0.03648193]
0 [0.99132089 0.00867911]
0 [0.98598291 0.01401709]
0 [9.99827256e-01 1.72744371e-04]
0 [0.98289076 0.01710924]
0 [0.84013794 0.15986206]
1 [0.02440893 0.97559107]
0 [0.50318267 0.49681733]
1 [0.01339844 0.98660156]
0 [0.8629686 0.1370314]
0 [0.74375789 0.25624211]
0 [0.98838011 0.01161989]
0 [0.96450073 0.03549927]
1 [0.0540901 0.9459099]
0 [0.98335241 0.01664759]
0 [0.98257315 0.01742685]
0 [0.57681189 0.42318811]
1 [0.19813552 0.80186448]
1 [0.00981156 0.99018844]
0 [0.98596134 0.01403866]
0 [0.93686247 0.06313753]
0 [9.99509818e-01 4.90181776e-04]
0 [0.96520403 0.03479597]
0 [0.99147595 0.00852405]
1 [0.06230776 0.93769224]
1 [0.28920081 0.71079919]
0 [0.96932325 0.03067675]
1 [0.13104824 0.86895176]
0 [0.99406446 0.00593554]
0 [0.9684383 0.0315617]
1 [0.00793849 0.99206151]
1 [0.14738599 0.85261401]
0 [0.9933763 0.0066237]
0 [0.9905008 0.0094992]
0 [0.99502027 0.00497973]
0 [0.99418053 0.00581947]
0 [0.98695296 0.01304704]
1 [0.0259775 0.9740225]
0 [9.99665085e-01 3.34915142e-04]
0 [0.99253427 0.00746573]
0 [0.97799969 0.02200031]
0 [9.99913279e-01 8.67211711e-05]
0 [0.73606572 0.26393428]
0 [0.9950257 0.0049743]
0 [0.98062521 0.01937479]
0 [0.99212418 0.00787582]
1 [0.01995131 0.98004869]
1 [0.02463601 0.97536399]
0 [0.99238236 0.00761764]
0 [0.94124264 0.05875736]
0 [0.97878697 0.02121303]
0 [0.96211685 0.03788315]
1 [0.10105462 0.89894538]
0 [9.99927775e-01 7.22248977e-05]
0 [9.99410610e-01 5.89390222e-04]
0 [0.98976954 0.01023046]
0 [0.9522475 0.0477525]
1 [0.00253212 0.99746788]
1 [0.00267272 0.99732728]
0 [0.75545085 0.24454915]
0 [0.60902182 0.39097818]
0 [0.87248688 0.12751312]
1 [0.01636745 0.98363255]
0 [0.97612522 0.02387478]
0 [0.95703415 0.04296585]
0 [0.82442251 0.17557749]
0 [0.98681609 0.01318391]
0 [0.98865111 0.01134889]
0 [0.98983879 0.01016121]
1 [0.05198623 0.94801377]
0 [0.95189486 0.04810514]
0 [0.99610965 0.00389035]
0 [0.53725716 0.46274284]
0 [0.76018039 0.23981961]
0 [0.75769133 0.24230867]
1 [0.01399526 0.98600474]
1 [0.23973591 0.76026409]
0 [0.9893949 0.0106051]
0 [0.99748832 0.00251168]
0 [0.91820183 0.08179817]
0 [0.98875907 0.01124093]
0 [0.98685734 0.01314266]
0 [0.98687652 0.01312348]
0 [0.98919388 0.01080612]
0 [0.83174608 0.16825392]
0 [0.92273668 0.07726332]
0 [9.99781469e-01 2.18530605e-04]
0 [0.99890675 0.00109325]
0 [0.70981195 0.29018805]
0 [9.99736632e-01 2.63368255e-04]
0 [0.95873463 0.04126537]
0 [0.96237016 0.03762984]
0 [0.96419291 0.03580709]
0 [0.94898668 0.05101332]
0 [0.96677336 0.03322664]
0 [0.93970254 0.06029746]
0 [0.58890205 0.41109795]
1 [0.0026994 0.9973006]
0 [0.91641713 0.08358287]
0 [9.99483682e-01 5.16318399e-04]
0 [0.99796215 0.00203785]
0 [0.99566727 0.00433273]
0 [0.97080556 0.02919444]
0 [0.99172481 0.00827519]
0 [0.99652243 0.00347757]
0 [0.94489854 0.05510146]
0 [0.99512863 0.00487137]
0 [0.97521471 0.02478529]
0 [0.98446981 0.01553019]
0 [0.96136894 0.03863106]
1 [0.05809813 0.94190187]
0 [0.99819515 0.00180485]
0 [0.61567845 0.38432155]
0 [0.97723778 0.02276222]
0 [0.93019975 0.06980025]
1 [0.01015794 0.98984206]
0 [0.95491783 0.04508217]
1 [0.10707605 0.89292395]
0 [0.98610249 0.01389751]
1 [0.04924999 0.95075001]
0 [0.99536611 0.00463389]
0 [0.77017348 0.22982652]
0 [0.9688521 0.0311479]
0 [0.98007138 0.01992862]
0 [0.99850388 0.00149612]
0 [0.98629522 0.01370478]
0 [0.98257571 0.01742429]
0 [9.99703232e-01 2.96767801e-04]
0 [0.99801691 0.00198309]
1 [0.02423224 0.97576776]
0 [9.99327031e-01 6.72969257e-04]
0 [0.94368151 0.05631849]
0 [0.96394969 0.03605031]
1 [0.03310145 0.96689855]
0 [0.97396272 0.02603728]
0 [0.98463795 0.01536205]
0 [0.9918211 0.0081789]
0 [0.76039953 0.23960047]
1 [0.01268928 0.98731072]
0 [0.97640917 0.02359083]
0 [0.95285801 0.04714199]
0 [0.97663985 0.02336015]
0 [0.9746952 0.0253048]
1 [0.18451447 0.81548553]
0 [0.94504192 0.05495808]
0 [0.54676912 0.45323088]
1 [0.0556578 0.9443422]
0 [0.97962183 0.02037817]
0 [0.99772775 0.00227225]
1 [0.06145357 0.93854643]
1 [0.08618054 0.91381946]
1 [0.09299657 0.90700343]
0 [0.99259423 0.00740577]
0 [0.98480711 0.01519289]
0 [0.57750079 0.42249921]
0 [0.97859709 0.02140291]
0 [0.99028194 0.00971806]
0 [0.90562104 0.09437896]
1 [0.01370767 0.98629233]
0 [0.98976909 0.01023091]
0 [0.9970647 0.0029353]
0 [9.99486914e-01 5.13086458e-04]
0 [0.9983708 0.0016292]
0 [0.99327999 0.00672001]
0 [0.95408636 0.04591364]
0 [0.99236569 0.00763431]
1 [0.47707709 0.52292291]
1 [0.02815173 0.97184827]
0 [0.74056083 0.25943917]
1 [0.12167806 0.87832194]
1 [9.08997776e-05 9.99909100e-01]
1 [0.26637472 0.73362528]
0 [0.98308981 0.01691019]
0 [0.99705656 0.00294344]
1 [0.07415413 0.92584587]
0 [0.94487839 0.05512161]
0 [0.66985352 0.33014648]
0 [0.99730443 0.00269557]
0 [0.99554256 0.00445744]
0 [0.99412235 0.00587765]
1 [0.05764165 0.94235835]
0 [0.98773867 0.01226133]
0 [0.99617343 0.00382657]
0 [0.98240808 0.01759192]
1 [0.01121208 0.98878792]
0 [0.99299977 0.00700023]
0 [0.90055414 0.09944586]
1 [0.07810697 0.92189303]
0 [0.57785199 0.42214801]
0 [0.99412618 0.00587382]
0 [0.97546347 0.02453653]
0 [0.85853655 0.14146345]
1 [0.15685719 0.84314281]
1 [0.01436593 0.98563407]
0 [0.98902644 0.01097356]
0 [9.99218637e-01 7.81362860e-04]
0 [0.83554035 0.16445965]
0 [0.96193516 0.03806484]
1 [0.04958134 0.95041866]
0 [0.99835411 0.00164589]
1 [0.26840011 0.73159989]
0 [0.99864404 0.00135596]
0 [0.99265588 0.00734412]
0 [0.98162522 0.01837478]
0 [0.68185703 0.31814297]
0 [0.9128517 0.0871483]
0 [0.9811162 0.0188838]
0 [9.99654736e-01 3.45264039e-04]
0 [0.97734563 0.02265437]
0 [0.86545782 0.13454218]
0 [0.99332765 0.00667235]
0 [0.88834934 0.11165066]
0 [0.90286007 0.09713993]
0 [0.96250565 0.03749435]
1 [0.33992966 0.66007034]
0 [0.97541594 0.02458406]
1 [0.0078863 0.9921137]
0 [0.95056055 0.04943945]
0 [0.9503251 0.0496749]
0 [9.99147756e-01 8.52243620e-04]
0 [0.99142615 0.00857385]
0 [0.99531446 0.00468554]
0 [9.99277163e-01 7.22837458e-04]
0 [0.84352329 0.15647671]
0 [0.97475997 0.02524003]
0 [0.99242576 0.00757424]
0 [0.63840281 0.36159719]
0 [0.92651923 0.07348077]
1 [0.22418658 0.77581342]
0 [0.52284049 0.47715951]
0 [0.97538758 0.02461242]
0 [0.99576655 0.00423345]
1 [0.33161464 0.66838536]
0 [0.99654624 0.00345376]
1 [0.37789689 0.62210311]
0 [0.98078414 0.01921586]
0 [0.93975779 0.06024221]
0 [0.98259591 0.01740409]
0 [0.97359135 0.02640865]
1 [0.12451226 0.87548774]
0 [0.97310405 0.02689595]
0 [0.99475977 0.00524023]
0 [0.97928071 0.02071929]
0 [0.96256784 0.03743216]
0 [0.98212963 0.01787037]
1 [0.4825661 0.5174339]
0 [0.84016309 0.15983691]
1 [0.00153718 0.99846282]
0 [0.9947958 0.0052042]
0 [0.99892026 0.00107974]
1 [0.42648529 0.57351471]
1 [0.15288026 0.84711974]
0 [0.94412356 0.05587644]
1 [0.30875439 0.69124561]
0 [0.9868118 0.0131882]
0 [0.99196754 0.00803246]
0 [0.99106298 0.00893702]
0 [0.99738673 0.00261327]
0 [0.99223885 0.00776115]
0 [9.99104136e-01 8.95864218e-04]
0 [0.94545424 0.05454576]
0 [0.9905003 0.0094997]
0 [0.98266225 0.01733775]
0 [0.97505032 0.02494968]
0 [0.72969742 0.27030258]
1 [0.00556541 0.99443459]
1 [0.07677632 0.92322368]
0 [0.9954736 0.0045264]
0 [0.96924656 0.03075344]
1 [0.08004369 0.91995631]
0 [9.99451156e-01 5.48843598e-04]
1 [7.36959805e-04 9.99263040e-01]
0 [0.93490831 0.06509169]
0 [0.91613303 0.08386697]
1 [0.42472626 0.57527374]
0 [0.87896978 0.12103022]
0 [0.98708294 0.01291706]
0 [0.98951596 0.01048404]
0 [0.70851794 0.29148206]
0 [0.98667834 0.01332166]
0 [0.96526805 0.03473195]
1 [0.01896772 0.98103228]
0 [0.98271914 0.01728086]
0 [9.99012189e-01 9.87811163e-04]
0 [0.95715495 0.04284505]
0 [0.99132286 0.00867714]
0 [0.94538628 0.05461372]
0 [0.98801483 0.01198517]
1 [0.02311533 0.97688467]
0 [0.9981988 0.0018012]
0 [0.94375096 0.05624904]
0 [0.98595673 0.01404327]
0 [0.99230879 0.00769121]
0 [0.83664677 0.16335323]
0 [0.92786572 0.07213428]
0 [0.99892107 0.00107893]
1 [0.01351369 0.98648631]
0 [0.9424638 0.0575362]
0 [0.975879 0.024121]
0 [0.99254785 0.00745215]
1 [0.16915968 0.83084032]
0 [0.99841501 0.00158499]
1 [9.54221574e-04 9.99045778e-01]
0 [0.78102844 0.21897156]
0 [0.58390426 0.41609574]
0 [0.99730235 0.00269765]
0 [0.98665398 0.01334602]
0 [0.95931357 0.04068643]
0 [0.93729516 0.06270484]
0 [0.98478178 0.01521822]
0 [0.98155244 0.01844756]
0 [9.99232586e-01 7.67414095e-04]
0 [9.99276619e-01 7.23380702e-04]
0 [9.99221758e-01 7.78242103e-04]
0 [0.98661545 0.01338455]
0 [0.96329196 0.03670804]
0 [0.99135011 0.00864989]
0 [0.96931891 0.03068109]
0 [0.98185437 0.01814563]
0 [0.57901622 0.42098378]
0 [0.9755302 0.0244698]
0 [0.93333974 0.06666026]
0 [0.99696256 0.00303744]
0 [0.55336281 0.44663719]
1 [0.01294672 0.98705328]
0 [0.99730221 0.00269779]
0 [0.91445373 0.08554627]
0 [9.99552649e-01 4.47350505e-04]
0 [0.95905865 0.04094135]
1 [0.37870201 0.62129799]
1 [0.09465908 0.90534092]
0 [0.94875597 0.05124403]
0 [0.99571826 0.00428174]
0 [0.99152487 0.00847513]
0 [0.99709367 0.00290633]
1 [0.02392406 0.97607594]
1 [0.48368923 0.51631077]
1 [0.00512979 0.99487021]
0 [0.99716341 0.00283659]
0 [0.99356016 0.00643984]
0 [0.99891237 0.00108763]
0 [0.52806226 0.47193774]
1 [0.08643217 0.91356783]
1 [0.33093331 0.66906669]
0 [0.99080929 0.00919071]
0 [0.8301522 0.1698478]
0 [0.99558949 0.00441051]
0 [0.88407785 0.11592215]
0 [0.99318153 0.00681847]
0 [0.83721565 0.16278435]
0 [0.99513771 0.00486229]
0 [0.9874028 0.0125972]
0 [0.91852486 0.08147514]
1 [0.01135752 0.98864248]
0 [0.98812581 0.01187419]
1 [0.02596792 0.97403208]
0 [0.99751993 0.00248007]
0 [0.58480955 0.41519045]
0 [0.83884193 0.16115807]
0 [0.82312621 0.17687379]
0 [0.84151471 0.15848529]
0 [0.95793033 0.04206967]
0 [0.7221624 0.2778376]
0 [0.98203658 0.01796342]
0 [0.96111717 0.03888283]
0 [0.96028563 0.03971437]
0 [0.77352451 0.22647549]
1 [0.00139079 0.99860921]
1 [0.4984871 0.5015129]
0 [0.98439966 0.01560034]
0 [0.86914086 0.13085914]
0 [0.82151445 0.17848555]
0 [0.99834081 0.00165919]
0 [9.99687174e-01 3.12826294e-04]
0 [0.98569115 0.01430885]
1 [0.41321125 0.58678875]
0 [0.76775483 0.23224517]
0 [0.98057156 0.01942844]
0 [0.6210298 0.3789702]
0 [0.89490088 0.10509912]
0 [0.97911901 0.02088099]
1 [0.48415364 0.51584636]
0 [0.82082405 0.17917595]
0 [0.9206476 0.0793524]
0 [0.99589098 0.00410902]
1 [0.08272006 0.91727994]
0 [0.99152275 0.00847725]
0 [0.94564234 0.05435766]
0 [0.53743388 0.46256612]
1 [0.21044534 0.78955466]
0 [0.98687709 0.01312291]
0 [0.73276217 0.26723783]
0 [0.99737302 0.00262698]
0 [0.97733433 0.02266567]
0 [0.97247493 0.02752507]
0 [0.97164769 0.02835231]
0 [9.99234383e-01 7.65617373e-04]
0 [0.99671174 0.00328826]
0 [0.9649845 0.0350155]
0 [0.99078086 0.00921914]
1 [0.26986395 0.73013605]
0 [0.99698995 0.00301005]
0 [0.99826584 0.00173416]
0 [0.99143886 0.00856114]
0 [0.94639929 0.05360071]
0 [0.97265243 0.02734757]
0 [0.98832953 0.01167047]
0 [0.71590109 0.28409891]
0 [0.99569911 0.00430089]
1 [0.13170908 0.86829092]
0 [0.99858948 0.00141052]
0 [0.91513234 0.08486766]
0 [0.98405153 0.01594847]
0 [0.96357899 0.03642101]
0 [0.96920772 0.03079228]
0 [0.98378878 0.01621122]
0 [0.98130061 0.01869939]
0 [0.88316842 0.11683158]
0 [0.99393328 0.00606672]
0 [0.99749381 0.00250619]
0 [0.9947057 0.0052943]
0 [0.98672689 0.01327311]
1 [0.36086768 0.63913232]
0 [0.93643266 0.06356734]
0 [0.93827649 0.06172351]
1 [0.10585865 0.89414135]
0 [0.9951622 0.0048378]
0 [0.96183307 0.03816693]
0 [0.93841104 0.06158896]
0 [0.90475323 0.09524677]
1 [0.06814082 0.93185918]
0 [0.99676132 0.00323868]
0 [0.9338362 0.0661638]
0 [0.99271112 0.00728888]
0 [0.99687292 0.00312708]
0 [0.99620788 0.00379212]
0 [0.9951439 0.0048561]
0 [0.95569644 0.04430356]
0 [0.99736045 0.00263955]
0 [0.97966769 0.02033231]
0 [0.88324997 0.11675003]
1 [0.03254239 0.96745761]
0 [0.98697186 0.01302814]
0 [0.99825942 0.00174058]
0 [9.99256991e-01 7.43008518e-04]
1 [0.49723029 0.50276971]
0 [0.98992754 0.01007246]
0 [0.97101993 0.02898007]
0 [0.99416355 0.00583645]
0 [0.96395427 0.03604573]
1 [0.05869231 0.94130769]
0 [0.90657565 0.09342435]
0 [0.96328335 0.03671665]
0 [0.96575845 0.03424155]
1 [0.25696855 0.74303145]
1 [0.01236036 0.98763964]
0 [0.99224924 0.00775076]
0 [0.99716206 0.00283794]
0 [0.92072187 0.07927813]
0 [0.9956315 0.0043685]
0 [0.97734155 0.02265845]
0 [0.58751596 0.41248404]
0 [0.99721503 0.00278497]
0 [0.99492582 0.00507418]
0 [0.99344458 0.00655542]
0 [0.98742825 0.01257175]
0 [0.96724889 0.03275111]
0 [0.9646477 0.0353523]
0 [0.98274651 0.01725349]
0 [0.95767414 0.04232586]
0 [0.95366687 0.04633313]
0 [0.60958407 0.39041593]
0 [0.99302734 0.00697266]
0 [0.82085633 0.17914367]
0 [0.90072061 0.09927939]
0 [0.97141099 0.02858901]
0 [0.99849277 0.00150723]
0 [0.98208947 0.01791053]
0 [0.99881533 0.00118467]
0 [0.56293005 0.43706995]
1 [0.28203904 0.71796096]
1 [0.03967234 0.96032766]
0 [0.99757861 0.00242139]
0 [0.75014439 0.24985561]
1 [0.008973 0.991027]
0 [0.91012224 0.08987776]
0 [0.75558833 0.24441167]
0 [0.98231651 0.01768349]
0 [0.79624683 0.20375317]
0 [0.99647991 0.00352009]
1 [0.02443242 0.97556758]
0 [0.98974844 0.01025156]
1 [0.03500746 0.96499254]
1 [0.35119084 0.64880916]
0 [0.97653759 0.02346241]
0 [0.95295384 0.04704616]
0 [0.99741728 0.00258272]
1 [0.00431193 0.99568807]
0 [0.93800411 0.06199589]
0 [0.99227159 0.00772841]
0 [0.52146606 0.47853394]
0 [0.86400276 0.13599724]
0 [0.94495934 0.05504066]
1 [0.30304168 0.69695832]
0 [0.97497552 0.02502448]
1 [0.40229047 0.59770953]
0 [0.98859664 0.01140336]
0 [0.97861324 0.02138676]
0 [0.96710418 0.03289582]
0 [0.94445982 0.05554018]
0 [0.94861588 0.05138412]
1 [0.01174764 0.98825236]
0 [0.69314787 0.30685213]
0 [0.73677882 0.26322118]
0 [9.99528141e-01 4.71859138e-04]
0 [0.99543576 0.00456424]
0 [0.95001815 0.04998185]
0 [0.99325553 0.00674447]
1 [0.19349077 0.80650923]
0 [0.97494484 0.02505516]
1 [0.00185423 0.99814577]
0 [0.99795276 0.00204724]
0 [0.98740701 0.01259299]
0 [0.98894263 0.01105737]
0 [0.98596709 0.01403291]
0 [0.99788471 0.00211529]
0 [0.9942009 0.0057991]
0 [0.97998899 0.02001101]
1 [0.00106892 0.99893108]
1 [0.01765037 0.98234963]
0 [0.99730984 0.00269016]
1 [0.23454861 0.76545139]
1 [0.34080425 0.65919575]
0 [0.98471025 0.01528975]
0 [0.98677241 0.01322759]
0 [0.99552703 0.00447297]
1 [0.00815914 0.99184086]
0 [0.99695439 0.00304561]
0 [0.99146082 0.00853918]
0 [0.75500797 0.24499203]
1 [0.04970726 0.95029274]
0 [0.99356433 0.00643567]
0 [0.99870738 0.00129262]
0 [0.66439827 0.33560173]
0 [0.99039148 0.00960852]
0 [0.85549268 0.14450732]
0 [0.50692625 0.49307375]
1 [0.42554517 0.57445483]
0 [0.84580167 0.15419833]
0 [0.9966341 0.0033659]
1 [0.15907735 0.84092265]
0 [0.99071536 0.00928464]
0 [0.99845301 0.00154699]
0 [0.99837353 0.00162647]
0 [0.94687701 0.05312299]
0 [0.98696198 0.01303802]
1 [0.00123379 0.99876621]
0 [9.99857217e-01 1.42783484e-04]
0 [0.96094285 0.03905715]
0 [0.69552027 0.30447973]
0 [0.99836125 0.00163875]
0 [0.99302858 0.00697142]
0 [0.99179507 0.00820493]
0 [0.90051675 0.09948325]
0 [0.99709915 0.00290085]
0 [0.98982208 0.01017792]
0 [0.97854267 0.02145733]
0 [0.97548454 0.02451546]
0 [0.94370382 0.05629618]
0 [0.64399976 0.35600024]
0 [0.99674489 0.00325511]
0 [0.99478643 0.00521357]
0 [0.98991093 0.01008907]
0 [0.99188984 0.00811016]
0 [0.90112458 0.09887542]
0 [0.89892231 0.10107769]
0 [0.98745401 0.01254599]
0 [0.96262016 0.03737984]
0 [0.99199656 0.00800344]
0 [0.58556224 0.41443776]
0 [0.9823932 0.0176068]
0 [0.78132921 0.21867079]
1 [0.25415311 0.74584689]
1 [0.22351612 0.77648388]
0 [0.98398375 0.01601625]
0 [0.99159555 0.00840445]
0 [0.99792533 0.00207467]
0 [0.97841021 0.02158979]
1 [0.29461706 0.70538294]
0 [0.78526323 0.21473677]
0 [0.76070185 0.23929815]
0 [0.98911243 0.01088757]
1 [0.0090437 0.9909563]
0 [0.92918384 0.07081616]
0 [0.76360273 0.23639727]
0 [0.99588563 0.00411437]
0 [9.99092062e-01 9.07938489e-04]
0 [0.92724995 0.07275005]
0 [0.9940894 0.0059106]
0 [0.97250627 0.02749373]
0 [0.97241546 0.02758454]
0 [0.85831295 0.14168705]
0 [0.9959803 0.0040197]
0 [0.65710321 0.34289679]
0 [0.95743818 0.04256182]
1 [0.03905169 0.96094831]
1 [0.00501498 0.99498502]
0 [0.85576675 0.14423325]
1 [0.03040197 0.96959803]
0 [0.95809445 0.04190555]
0 [0.95373428 0.04626572]
1 [0.27363401 0.72636599]
0 [9.99900346e-01 9.96543280e-05]
0 [0.98098958 0.01901042]
0 [0.95029878 0.04970122]
1 [0.27798819 0.72201181]
0 [0.94777908 0.05222092]
0 [0.9671644 0.0328356]
0 [9.99567479e-01 4.32521439e-04]
1 [0.11527515 0.88472485]
0 [0.79189069 0.20810931]
0 [0.78865244 0.21134756]
0 [0.99788574 0.00211426]
0 [0.97268059 0.02731941]
1 [0.04424081 0.95575919]
0 [0.99084084 0.00915916]
0 [0.97677659 0.02322341]
0 [0.84389403 0.15610597]
0 [0.64056434 0.35943566]
0 [9.99337246e-01 6.62753800e-04]
0 [0.98141863 0.01858137]
0 [0.99105148 0.00894852]
0 [0.84806976 0.15193024]
1 [0.12274759 0.87725241]
0 [0.88527437 0.11472563]
0 [0.9988685 0.0011315]
0 [0.96359439 0.03640561]
0 [0.99734138 0.00265862]
0 [0.80917381 0.19082619]
1 [0.49877455 0.50122545]
0 [0.99703829 0.00296171]
0 [0.99128652 0.00871348]
1 [0.2661533 0.7338467]
1 [0.12621119 0.87378881]
0 [0.95307667 0.04692333]
0 [0.99105165 0.00894835]
1 [0.01743477 0.98256523]
0 [0.79724884 0.20275116]
0 [0.65473544 0.34526456]
1 [0.18304759 0.81695241]
0 [0.98312021 0.01687979]
1 [0.00660378 0.99339622]
0 [0.99700423 0.00299577]
0 [0.99453013 0.00546987]
0 [0.99898068 0.00101932]
1 [0.07481769 0.92518231]
0 [0.72699841 0.27300159]
0 [9.99499671e-01 5.00329473e-04]
1 [0.00392251 0.99607749]
0 [0.98789878 0.01210122]
0 [0.98458846 0.01541154]
0 [0.97596693 0.02403307]
0 [0.96770612 0.03229388]
0 [0.97646223 0.02353777]
0 [0.99740026 0.00259974]
0 [0.92253938 0.07746062]
0 [0.95877414 0.04122586]
0 [0.82313016 0.17686984]
0 [0.96005032 0.03994968]
0 [0.99280136 0.00719864]
1 [0.02678864 0.97321136]
0 [0.97678447 0.02321553]
0 [0.99568819 0.00431181]
1 [0.01275009 0.98724991]
0 [0.99774001 0.00225999]
0 [0.99644277 0.00355723]
0 [0.9982306 0.0017694]
0 [0.98871548 0.01128452]
0 [0.91477516 0.08522484]
0 [0.97925353 0.02074647]
0 [0.90057764 0.09942236]
0 [0.98968522 0.01031478]
0 [0.98800583 0.01199417]
0 [0.97854013 0.02145987]
0 [0.96447847 0.03552153]
0 [0.66853981 0.33146019]
0 [0.96743838 0.03256162]
0 [0.93657539 0.06342461]
0 [0.9894497 0.0105503]
0 [0.84074588 0.15925412]
0 [0.97101559 0.02898441]
0 [0.95094061 0.04905939]
0 [0.9954169 0.0045831]
0 [0.98058231 0.01941769]
1 [0.20497903 0.79502097]
0 [0.6741645 0.3258355]
0 [0.99360727 0.00639273]
0 [0.71673675 0.28326325]
0 [0.99020223 0.00979777]
0 [0.99712146 0.00287854]
0 [0.96621461 0.03378539]
0 [0.83368531 0.16631469]
0 [0.99778611 0.00221389]
0 [0.99561445 0.00438555]
1 [0.3089304 0.6910696]
0 [0.99545556 0.00454444]
0 [0.92151725 0.07848275]
0 [0.99728201 0.00271799]
0 [9.99161610e-01 8.38390352e-04]
0 [0.97302134 0.02697866]
0 [0.96137701 0.03862299]
1 [0.12764509 0.87235491]
0 [0.99016988 0.00983012]
0 [9.99207249e-01 7.92751443e-04]
0 [0.93644487 0.06355513]
0 [0.97550237 0.02449763]
0 [0.96874341 0.03125659]
0 [0.95770804 0.04229196]
0 [0.98000271 0.01999729]
0 [0.9948869 0.0051131]
0 [0.9677117 0.0322883]
1 [0.0340661 0.9659339]
0 [0.93336888 0.06663112]
1 [0.10044482 0.89955518]
0 [0.83487792 0.16512208]
1 [0.09188083 0.90811917]
0 [0.9973261 0.0026739]
1 [0.26631525 0.73368475]
0 [0.99208177 0.00791823]
0 [0.98994118 0.01005882]
0 [0.96182114 0.03817886]
0 [0.84837895 0.15162105]
0 [0.93719583 0.06280417]
1 [0.44918406 0.55081594]
0 [0.97623477 0.02376523]
0 [0.98425908 0.01574092]
0 [0.9638098 0.0361902]
1 [0.07621206 0.92378794]
0 [0.76298317 0.23701683]
0 [0.92308907 0.07691093]
0 [0.9947397 0.0052603]
0 [0.99142286 0.00857714]
0 [0.89777071 0.10222929]
0 [0.72160598 0.27839402]
0 [0.98918942 0.01081058]
1 [0.2000336 0.7999664]
0 [0.98996982 0.01003018]
0 [0.69521988 0.30478012]
0 [0.97212337 0.02787663]
0 [0.86946325 0.13053675]
0 [0.98254501 0.01745499]
0 [0.8477038 0.1522962]
1 [0.01013588 0.98986412]
0 [0.97984507 0.02015493]
0 [0.9944868 0.0055132]
0 [0.97705619 0.02294381]
0 [0.98334216 0.01665784]
0 [0.97524305 0.02475695]
1 [0.00503518 0.99496482]
1 [0.29179737 0.70820263]
0 [0.99164291 0.00835709]
0 [0.9776572 0.0223428]
1 [0.0022935 0.9977065]
0 [0.99761534 0.00238466]
0 [0.99550921 0.00449079]
1 [0.01155893 0.98844107]
0 [0.98681944 0.01318056]
0 [0.99716622 0.00283378]
0 [0.98420846 0.01579154]
0 [0.93819859 0.06180141]
0 [0.625608 0.374392]
0 [0.94410569 0.05589431]
0 [0.99897936 0.00102064]
0 [0.99078895 0.00921105]
0 [9.99352381e-01 6.47618603e-04]
0 [0.93237862 0.06762138]
0 [0.99260591 0.00739409]
0 [0.86565226 0.13434774]
0 [9.99076611e-01 9.23389115e-04]
0 [0.99730014 0.00269986]
0 [0.96596647 0.03403353]
0 [0.94982636 0.05017364]
0 [0.68091387 0.31908613]
0 [0.69496911 0.30503089]
1 [0.00481167 0.99518833]
1 [0.00891098 0.99108902]
0 [0.99730985 0.00269015]
0 [0.70509755 0.29490245]
0 [0.99713158 0.00286842]
0 [0.99438053 0.00561947]
0 [0.93175993 0.06824007]
0 [0.95849531 0.04150469]
1 [0.28345782 0.71654218]
1 [0.24578489 0.75421511]
0 [0.98522168 0.01477832]
0 [0.9944917 0.0055083]
0 [0.96578058 0.03421942]
0 [0.6551323 0.3448677]
0 [0.98233056 0.01766944]
0 [0.9700556 0.0299444]
0 [0.99874448 0.00125552]
0 [0.79687188 0.20312812]
0 [0.99123659 0.00876341]
0 [0.92362749 0.07637251]
0 [0.99715608 0.00284392]
0 [0.9701097 0.0298903]
0 [0.99705952 0.00294048]
0 [0.99599841 0.00400159]
0 [0.95032386 0.04967614]
1 [0.07947076 0.92052924]
0 [0.92958347 0.07041653]
1 [0.01760278 0.98239722]
0 [0.85222452 0.14777548]
0 [0.99783873 0.00216127]
0 [0.97698355 0.02301645]
0 [0.58283439 0.41716561]
0 [0.94305939 0.05694061]
0 [0.98230653 0.01769347]
0 [0.95440396 0.04559604]
0 [0.97068377 0.02931623]
0 [0.98690206 0.01309794]
0 [0.70773442 0.29226558]
0 [0.99505999 0.00494001]
0 [0.99795093 0.00204907]
1 [0.00240496 0.99759504]
0 [0.97231765 0.02768235]
1 [0.10587199 0.89412801]
0 [0.98935227 0.01064773]
1 [0.03546021 0.96453979]
0 [0.98338692 0.01661308]
0 [9.99035556e-01 9.64443881e-04]
0 [0.92586388 0.07413612]
0 [0.99356039 0.00643961]
1 [0.01420745 0.98579255]
0 [0.9727289 0.0272711]
0 [0.98762904 0.01237096]
1 [0.01702286 0.98297714]
1 [0.00525612 0.99474388]
0 [0.90573946 0.09426054]
1 [0.11211923 0.88788077]
0 [0.99589678 0.00410322]
0 [0.95276667 0.04723333]
0 [0.99450832 0.00549168]
0 [0.99532652 0.00467348]
1 [0.0142744 0.9857256]
0 [0.97437247 0.02562753]
1 [0.39060813 0.60939187]
0 [0.9861495 0.0138505]
0 [0.990984 0.009016]
0 [0.95123466 0.04876534]
0 [0.99723452 0.00276548]
0 [0.97724455 0.02275545]
0 [0.90779127 0.09220873]
0 [0.58810169 0.41189831]
0 [0.97973054 0.02026946]
0 [0.81079377 0.18920623]
1 [0.09684534 0.90315466]
0 [0.98321401 0.01678599]
1 [0.27347256 0.72652744]
0 [0.97318873 0.02681127]
0 [0.99345615 0.00654385]
0 [0.89553415 0.10446585]
0 [0.96981642 0.03018358]
1 [0.21848911 0.78151089]
0 [0.97937441 0.02062559]
0 [0.53704468 0.46295532]
0 [0.83003635 0.16996365]
0 [0.98628163 0.01371837]
0 [0.76560609 0.23439391]
0 [0.96362188 0.03637812]
1 [0.44275007 0.55724993]
0 [0.95711968 0.04288032]
1 [0.00688118 0.99311882]
0 [0.54861945 0.45138055]
1 [0.05814728 0.94185272]
0 [0.61854861 0.38145139]
0 [0.96379763 0.03620237]
0 [0.99277446 0.00722554]
0 [0.80745572 0.19254428]
0 [0.51963951 0.48036049]
1 [0.33310392 0.66689608]
0 [0.99107553 0.00892447]
0 [0.995231 0.004769]
0 [0.99878492 0.00121508]
0 [0.99141703 0.00858297]
0 [0.95401473 0.04598527]
0 [0.95194754 0.04805246]
0 [0.95118579 0.04881421]
0 [0.96958968 0.03041032]
0 [0.99195887 0.00804113]
1 [0.28651606 0.71348394]
0 [0.97511958 0.02488042]
0 [0.78682457 0.21317543]
1 [0.15836761 0.84163239]
0 [0.97921189 0.02078811]
0 [0.99259713 0.00740287]
0 [0.97812236 0.02187764]
0 [0.54724372 0.45275628]
0 [0.99845864 0.00154136]
0 [0.96467791 0.03532209]
0 [0.99101402 0.00898598]
0 [0.80321943 0.19678057]
1 [5.63303251e-04 9.99436697e-01]
0 [0.96298648 0.03701352]
0 [0.84120343 0.15879657]
0 [0.99748365 0.00251635]
0 [0.93924591 0.06075409]
0 [0.99893285 0.00106715]
0 [0.92304088 0.07695912]
1 [0.14676145 0.85323855]
0 [0.99542467 0.00457533]
1 [0.46524827 0.53475173]
0 [0.97822348 0.02177652]
1 [0.46880345 0.53119655]
0 [0.87427022 0.12572978]
1 [0.00691797 0.99308203]
0 [0.9711048 0.0288952]
0 [0.99783856 0.00216144]
0 [0.97233028 0.02766972]
0 [0.96420621 0.03579379]
0 [0.99160332 0.00839668]
0 [0.99329361 0.00670639]
0 [9.99398255e-01 6.01745192e-04]
1 [0.03650024 0.96349976]
0 [0.99699463 0.00300537]
0 [0.65468927 0.34531073]
1 [0.27018564 0.72981436]
0 [0.99571406 0.00428594]
0 [0.97142744 0.02857256]
0 [0.99509286 0.00490714]
0 [0.95131693 0.04868307]
1 [0.11787827 0.88212173]
0 [9.99745257e-01 2.54743165e-04]
0 [9.99749599e-01 2.50400701e-04]
0 [0.99169903 0.00830097]
0 [0.8679062 0.1320938]
0 [0.79820466 0.20179534]
0 [0.98854722 0.01145278]
0 [0.93267925 0.06732075]
0 [0.63598456 0.36401544]
1 [0.02982748 0.97017252]
1 [0.0019683 0.9980317]
0 [0.98633714 0.01366286]
0 [0.98321389 0.01678611]
0 [0.93967061 0.06032939]
0 [0.82934074 0.17065926]
0 [0.98691022 0.01308978]
1 [0.25194486 0.74805514]
0 [0.9724776 0.0275224]
1 [0.06330017 0.93669983]
0 [0.97411243 0.02588757]
0 [0.99525852 0.00474148]
0 [0.99045209 0.00954791]
1 [1.94367447e-04 9.99805633e-01]
0 [0.98934875 0.01065125]
1 [0.15293657 0.84706343]
1 [0.06560717 0.93439283]
1 [0.02724828 0.97275172]
0 [0.81074944 0.18925056]
1 [0.07031057 0.92968943]
0 [0.95367658 0.04632342]
0 [0.97531477 0.02468523]
1 [0.10473259 0.89526741]
0 [0.92815073 0.07184927]
0 [0.97682077 0.02317923]
0 [0.6858006 0.3141994]
0 [0.91019919 0.08980081]
0 [0.61603101 0.38396899]
1 [0.13043459 0.86956541]
0 [0.67703578 0.32296422]
1 [0.22738677 0.77261323]
0 [0.99224153 0.00775847]
0 [0.98190388 0.01809612]
0 [0.96319809 0.03680191]
0 [0.61175232 0.38824768]
1 [0.26400634 0.73599366]
1 [0.04329988 0.95670012]
0 [0.9890918 0.0109082]
0 [0.74084052 0.25915948]
0 [0.97586611 0.02413389]
0 [0.90874472 0.09125528]
0 [0.5567071 0.4432929]
0 [0.98049423 0.01950577]
0 [0.93681475 0.06318525]
0 [0.94318922 0.05681078]
0 [0.997018 0.002982]
1 [0.05113528 0.94886472]
0 [0.96045364 0.03954636]
0 [0.95618325 0.04381675]
0 [0.98593593 0.01406407]
0 [0.96130695 0.03869305]
0 [0.9543595 0.0456405]
0 [0.95922198 0.04077802]
0 [0.93417671 0.06582329]
1 [0.45548775 0.54451225]
0 [0.98626283 0.01373717]
0 [0.9426443 0.0573557]
0 [0.50177075 0.49822925]
0 [0.97511189 0.02488811]
0 [9.99314007e-01 6.85993357e-04]
0 [0.99711204 0.00288796]
0 [0.84073338 0.15926662]
1 [0.07816555 0.92183445]
0 [0.78834418 0.21165582]
0 [9.99597488e-01 4.02511543e-04]
0 [0.96965098 0.03034902]
1 [0.199704 0.800296]
0 [0.99325585 0.00674415]
0 [0.99495394 0.00504606]
0 [0.99555667 0.00444333]
1 [0.43491528 0.56508472]
0 [9.99475087e-01 5.24912676e-04]
0 [0.99381241 0.00618759]
1 [0.34520588 0.65479412]
0 [0.98726499 0.01273501]
0 [0.99157079 0.00842921]
0 [0.98075468 0.01924532]
0 [9.99667785e-01 3.32214840e-04]
0 [0.97347016 0.02652984]
0 [0.98082576 0.01917424]
1 [0.07701311 0.92298689]
0 [0.98563647 0.01436353]
0 [0.99889419 0.00110581]
0 [0.57303538 0.42696462]
1 [0.00351625 0.99648375]
0 [0.98346115 0.01653885]
0 [0.97534567 0.02465433]
0 [0.99766186 0.00233814]
1 [0.10983402 0.89016598]
1 [0.14354502 0.85645498]
0 [0.96654437 0.03345563]
0 [0.9942533 0.0057467]
0 [0.99425584 0.00574416]
0 [0.94290038 0.05709962]
0 [0.65695479 0.34304521]
1 [0.02535789 0.97464211]
1 [0.23046092 0.76953908]
0 [0.99726183 0.00273817]
1 [0.2538573 0.7461427]
0 [0.9986824 0.0013176]
0 [0.99859485 0.00140515]
0 [0.99184952 0.00815048]
0 [0.77381264 0.22618736]
0 [0.984904 0.015096]
0 [0.99380319 0.00619681]
0 [0.99345034 0.00654966]
1 [0.09269252 0.90730748]
0 [0.96201932 0.03798068]
1 [0.03900392 0.96099608]
0 [0.99459683 0.00540317]
0 [0.9961624 0.0038376]
1 [0.0150537 0.9849463]
0 [0.56582951 0.43417049]
0 [0.87471628 0.12528372]
0 [0.66258943 0.33741057]
0 [0.98506041 0.01493959]
0 [0.83485162 0.16514838]
0 [0.98844918 0.01155082]
0 [0.98664846 0.01335154]
0 [0.98668602 0.01331398]
0 [0.9671485 0.0328515]
0 [0.92507191 0.07492809]
0 [0.75684646 0.24315354]
0 [0.99853723 0.00146277]
0 [0.98934069 0.01065931]
1 [0.43381464 0.56618536]
0 [0.98564187 0.01435813]
0 [0.99661146 0.00338854]
0 [9.99013551e-01 9.86449099e-04]
0 [0.97622162 0.02377838]
0 [0.83121935 0.16878065]
1 [0.07754864 0.92245136]
0 [0.97644143 0.02355857]
0 [0.98976409 0.01023591]
0 [0.97651891 0.02348109]
0 [0.55203762 0.44796238]
0 [9.99121507e-01 8.78492811e-04]
1 [0.03728046 0.96271954]
0 [0.96858298 0.03141702]
0 [0.96907933 0.03092067]
0 [0.73347311 0.26652689]
1 [0.00198612 0.99801388]
0 [0.9886418 0.0113582]
0 [0.99717391 0.00282609]
0 [0.95227144 0.04772856]
0 [0.99400851 0.00599149]
0 [0.99498226 0.00501774]
0 [0.94333566 0.05666434]
1 [0.26088486 0.73911514]
0 [0.99634558 0.00365442]
1 [0.21270607 0.78729393]
0 [0.98320836 0.01679164]
0 [0.99136812 0.00863188]
0 [0.52953551 0.47046449]
0 [0.55475918 0.44524082]
0 [0.69818339 0.30181661]
0 [0.79425031 0.20574969]
0 [0.79233338 0.20766662]
1 [0.02893481 0.97106519]
0 [0.99176305 0.00823695]
0 [0.98930539 0.01069461]
0 [0.94941411 0.05058589]
0 [0.98744179 0.01255821]
0 [0.99172911 0.00827089]
0 [9.99025980e-01 9.74020154e-04]
0 [0.99208978 0.00791022]
0 [0.97637922 0.02362078]
0 [0.99055478 0.00944522]
0 [0.99634744 0.00365256]
0 [0.98814467 0.01185533]
0 [0.99805591 0.00194409]
1 [0.39853632 0.60146368]
1 [0.36438188 0.63561812]
1 [0.07569243 0.92430757]
0 [0.99164015 0.00835985]
0 [0.99428092 0.00571908]
0 [0.91193645 0.08806355]
1 [0.0538794 0.9461206]
0 [0.99823409 0.00176591]
0 [0.99557126 0.00442874]
0 [9.99350541e-01 6.49458639e-04]
0 [0.97213817 0.02786183]
0 [0.99412885 0.00587115]
1 [0.16317258 0.83682742]
0 [0.55904161 0.44095839]
0 [0.87746585 0.12253415]
0 [0.86625137 0.13374863]
0 [0.73598202 0.26401798]
1 [0.01207252 0.98792748]
0 [0.97304104 0.02695896]
0 [0.95092264 0.04907736]
1 [0.33426927 0.66573073]
0 [0.94449314 0.05550686]
0 [0.94452472 0.05547528]
0 [0.5685548 0.4314452]
1 [0.0056019 0.9943981]
0 [0.98340664 0.01659336]
0 [0.97173393 0.02826607]
1 [0.03331872 0.96668128]
0 [0.99495378 0.00504622]
0 [0.97796586 0.02203414]
0 [0.96990571 0.03009429]
0 [0.99435716 0.00564284]
0 [0.99459533 0.00540467]
1 [0.08010988 0.91989012]
0 [0.98745164 0.01254836]
0 [0.97689414 0.02310586]
1 [0.16133566 0.83866434]
0 [0.9962834 0.0037166]
0 [0.98804589 0.01195411]
0 [0.92322956 0.07677044]
0 [0.98248645 0.01751355]
0 [0.99016523 0.00983477]
0 [0.52367898 0.47632102]
0 [0.95209715 0.04790285]
0 [0.95101192 0.04898808]
0 [0.99300873 0.00699127]
0 [0.9699983 0.0300017]
0 [0.99618914 0.00381086]
0 [0.98674241 0.01325759]
0 [0.99495769 0.00504231]
0 [0.98954856 0.01045144]
0 [0.9905568 0.0094432]
0 [0.99798164 0.00201836]
0 [0.98696313 0.01303687]
0 [0.66738192 0.33261808]
0 [0.86175733 0.13824267]
1 [0.45512932 0.54487068]
0 [0.99376556 0.00623444]
0 [0.95738796 0.04261204]
0 [0.98703305 0.01296695]
0 [0.98920188 0.01079812]
0 [0.91748604 0.08251396]
1 [0.02142967 0.97857033]
1 [0.01008921 0.98991079]
1 [0.46509417 0.53490583]
1 [0.05177612 0.94822388]
0 [0.98454284 0.01545716]
0 [0.64056809 0.35943191]
1 [0.3317923 0.6682077]
0 [0.99881194 0.00118806]
0 [0.98760527 0.01239473]
1 [0.00494228 0.99505772]
1 [0.05319771 0.94680229]
1 [0.19783606 0.80216394]
1 [0.48684105 0.51315895]
0 [0.97614905 0.02385095]
1 [0.01969315 0.98030685]
0 [0.96983922 0.03016078]
0 [0.50542151 0.49457849]
1 [0.06505545 0.93494455]
0 [0.99573633 0.00426367]
0 [0.96931629 0.03068371]
1 [0.42957327 0.57042673]
1 [0.0128009 0.9871991]
0 [0.99287383 0.00712617]
0 [0.54319553 0.45680447]
1 [0.30342823 0.69657177]
0 [0.99221031 0.00778969]
0 [9.99418562e-01 5.81437991e-04]
0 [0.85599615 0.14400385]
0 [0.99499542 0.00500458]
0 [0.86571354 0.13428646]
0 [0.52615303 0.47384697]
1 [0.43205678 0.56794322]
0 [0.80595967 0.19404033]
0 [0.89809386 0.10190614]
0 [0.99364086 0.00635914]
0 [0.94096395 0.05903605]
0 [0.99155931 0.00844069]
0 [0.99286817 0.00713183]
0 [0.95474182 0.04525818]
0 [0.65111834 0.34888166]
0 [0.95089801 0.04910199]
0 [0.99518881 0.00481119]
0 [0.98439343 0.01560657]
1 [0.00304054 0.99695946]
0 [0.91025785 0.08974215]
0 [0.89966164 0.10033836]
1 [0.07524113 0.92475887]
0 [0.78390537 0.21609463]
0 [0.98896676 0.01103324]
1 [0.01564314 0.98435686]
1 [0.01147445 0.98852555]
0 [0.58992915 0.41007085]
0 [0.95286175 0.04713825]
0 [0.99343598 0.00656402]
0 [0.9549786 0.0450214]
0 [0.99564105 0.00435895]
1 [0.03896006 0.96103994]
0 [0.81874879 0.18125121]
0 [0.83863549 0.16136451]
0 [0.83895715 0.16104285]
1 [0.08004568 0.91995432]
0 [9.99345325e-01 6.54675392e-04]
1 [0.04347159 0.95652841]
0 [0.7705087 0.2294913]
1 [2.71678233e-04 9.99728322e-01]
0 [0.99768646 0.00231354]
0 [0.96938151 0.03061849]
0 [0.93656723 0.06343277]
1 [0.09539399 0.90460601]
0 [9.99171500e-01 8.28500197e-04]
0 [0.72220432 0.27779568]
0 [0.97188989 0.02811011]
1 [0.001491 0.998509]
0 [0.91727207 0.08272793]
1 [0.41702983 0.58297017]
0 [0.99367174 0.00632826]
0 [0.9928916 0.0071084]
1 [0.10628729 0.89371271]
1 [0.07468518 0.92531482]
0 [0.9879359 0.0120641]
0 [0.99533984 0.00466016]
0 [0.98008883 0.01991117]
0 [0.89576393 0.10423607]
0 [0.9943698 0.0056302]
0 [0.92378919 0.07621081]
1 [0.06886158 0.93113842]
0 [0.91365172 0.08634828]
0 [0.99649308 0.00350692]
1 [0.03912831 0.96087169]
0 [0.93280921 0.06719079]
0 [0.99733206 0.00266794]
0 [0.88544611 0.11455389]
1 [0.02124167 0.97875833]
1 [0.01554294 0.98445706]
0 [0.99697341 0.00302659]
0 [0.89953531 0.10046469]
0 [9.99470238e-01 5.29762396e-04]
0 [0.98981986 0.01018014]
0 [0.99792097 0.00207903]
0 [0.99092952 0.00907048]
0 [0.94747579 0.05252421]
1 [0.24976423 0.75023577]
0 [0.99090585 0.00909415]
0 [0.93398157 0.06601843]
0 [0.99652305 0.00347695]
0 [0.96767894 0.03232106]
1 [0.01792111 0.98207889]
0 [0.99042698 0.00957302]
0 [0.99733593 0.00266407]
1 [0.13402595 0.86597405]
0 [0.80929342 0.19070658]
0 [0.99362643 0.00637357]
0 [0.9964838 0.0035162]
0 [0.98516103 0.01483897]
0 [0.95351967 0.04648033]
0 [0.92272206 0.07727794]
1 [0.26630459 0.73369541]
0 [0.80389539 0.19610461]
1 [0.37883429 0.62116571]
1 [0.00279642 0.99720358]
1 [0.14572033 0.85427967]
0 [0.9884614 0.0115386]
0 [9.99568060e-01 4.31939893e-04]
1 [0.04417332 0.95582668]
0 [0.99857771 0.00142229]
1 [0.35998736 0.64001264]
1 [0.11958537 0.88041463]
0 [0.97710389 0.02289611]
1 [0.20061873 0.79938127]
0 [0.98459746 0.01540254]
1 [0.10503119 0.89496881]
0 [0.98922295 0.01077705]
0 [0.93615487 0.06384513]
1 [0.12306154 0.87693846]
1 [0.00186278 0.99813722]
1 [0.36451497 0.63548503]
0 [0.99809591 0.00190409]
0 [0.98722474 0.01277526]
0 [0.94939163 0.05060837]
1 [0.04191151 0.95808849]
0 [0.99482047 0.00517953]
1 [0.10977522 0.89022478]
0 [0.5862713 0.4137287]
0 [0.99800362 0.00199638]
0 [0.92152616 0.07847384]
1 [0.00948153 0.99051847]
1 [0.04002143 0.95997857]
0 [0.97028543 0.02971457]
1 [0.31023633 0.68976367]
1 [0.20136001 0.79863999]
0 [0.70190786 0.29809214]
1 [0.45106648 0.54893352]
0 [0.98603305 0.01396695]
0 [0.99014062 0.00985938]
0 [0.99636895 0.00363105]
0 [0.94095021 0.05904979]
0 [0.99887488 0.00112512]
1 [0.43727793 0.56272207]
0 [0.99767697 0.00232303]
0 [0.96990443 0.03009557]
0 [0.8457025 0.1542975]
0 [0.99384471 0.00615529]
0 [0.92961607 0.07038393]
