2 [9.73168971e-05 1.41540762e-04 9.98661360e-01 1.09978215e-03]
1 [1.36047299e-02 9.78824317e-01 6.99743063e-03 5.73522261e-04]
1 [3.28254277e-03 9.84634271e-01 1.20020119e-02 8.11745620e-05]
1 [0.00447568 0.9714124  0.0047985  0.01931342]
1 [1.90753196e-03 9.97543145e-01 4.13609924e-04 1.35713451e-04]
1 [3.82983125e-04 9.94066029e-01 4.56451702e-03 9.86470695e-04]
2 [4.64618290e-02 4.59400948e-04 9.51614083e-01 1.46468670e-03]
2 [2.33007803e-03 4.47383068e-04 9.93799902e-01 3.42263652e-03]
0 [9.96771051e-01 2.18275501e-03 5.36240172e-04 5.09953798e-04]
2 [0.05887616 0.070879   0.85659536 0.01364948]
1 [0.00435236 0.98675569 0.00494437 0.00394758]
1 [8.73184246e-04 9.94297627e-01 4.57261867e-04 4.37192656e-03]
1 [5.73019523e-04 9.97637444e-01 1.59631462e-03 1.93222126e-04]
2 [0.00719957 0.00862504 0.97618314 0.00799225]
1 [7.36241285e-03 9.92232970e-01 2.35789310e-04 1.68828094e-04]
0 [9.96292834e-01 1.82956234e-03 1.49915735e-03 3.78446430e-04]
0 [9.97209030e-01 1.64652875e-03 6.49888346e-05 1.07945244e-03]
0 [0.88830988 0.08202057 0.02833413 0.00133541]
1 [6.59465506e-04 9.97882958e-01 6.25527924e-04 8.32048120e-04]
2 [2.60290589e-03 1.09948467e-02 9.85568083e-01 8.34163975e-04]
2 [0.02198717 0.00237543 0.97201115 0.00362626]
2 [0.02326351 0.00308594 0.97153426 0.00211629]
3 [0.35947964 0.01685894 0.13011008 0.49355134]
0 [0.80702957 0.00633618 0.04473781 0.14189644]
3 [8.51999796e-02 5.58304579e-04 1.87813203e-02 8.95460396e-01]
2 [4.13372795e-02 1.14399240e-04 9.56680052e-01 1.86826962e-03]
3 [1.06029811e-01 4.27846384e-03 8.10090808e-04 8.88881634e-01]
1 [0.00262589 0.99340268 0.00110178 0.00286965]
1 [6.13150093e-03 9.91084781e-01 3.16781040e-04 2.46693726e-03]
3 [0.03922399 0.01994472 0.04547828 0.89535301]
0 [0.94024816 0.03570455 0.01521172 0.00883556]
1 [5.77176423e-04 9.98667958e-01 1.46824503e-04 6.08041280e-04]
0 [9.54749465e-01 3.02249807e-04 6.14322820e-04 4.43339622e-02]
1 [0.00514434 0.97968684 0.00776177 0.00740705]
3 [0.02241419 0.0048818  0.02862476 0.94407925]
0 [7.42943413e-01 9.27371845e-05 4.45197950e-04 2.56518652e-01]
1 [0.01055413 0.82567888 0.13044541 0.03332159]
2 [1.34372333e-02 2.00652308e-04 9.85594966e-01 7.67148785e-04]
3 [0.01254035 0.005238   0.07691994 0.9053017 ]
1 [1.62673677e-04 6.83460889e-01 3.15580307e-01 7.96130846e-04]
0 [0.93140121 0.03548036 0.02270221 0.01041622]
0 [0.51540672 0.04449174 0.01745393 0.42264761]
2 [0.22154853 0.00957615 0.7193112  0.04956413]
2 [3.80196022e-04 1.49485327e-04 9.93600177e-01 5.87014140e-03]
3 [2.58038698e-01 9.56174488e-05 4.57067346e-04 7.41408617e-01]
1 [1.02073584e-02 9.37187337e-01 5.18361809e-02 7.69123984e-04]
3 [0.05212216 0.01158215 0.01127712 0.92501856]
3 [3.91633756e-02 7.40337206e-04 2.22076144e-02 9.37888673e-01]
1 [0.00783379 0.973981   0.0073533  0.01083191]
1 [0.03041497 0.57697971 0.04156777 0.35103755]
3 [1.60519811e-01 6.75204923e-04 1.51925945e-03 8.37285724e-01]
1 [4.42769079e-03 9.95118527e-01 2.35760366e-04 2.18021952e-04]
0 [0.95776066 0.00158911 0.02725859 0.01339164]
0 [7.45905303e-01 5.01130004e-05 1.28867696e-03 2.52755907e-01]
2 [1.70226057e-02 5.98211367e-04 9.80607363e-01 1.77181997e-03]
0 [0.60679411 0.0488066  0.30627985 0.03811945]
2 [0.35953078 0.08811842 0.47289145 0.07945934]
2 [2.06692491e-01 8.88403630e-04 7.92074155e-01 3.44950180e-04]
1 [0.00455126 0.96559012 0.01775396 0.01210465]
2 [0.0026481  0.00172206 0.99268694 0.0029429 ]
0 [0.81651682 0.02280465 0.01809804 0.14258049]
0 [9.72798768e-01 2.61438247e-02 8.45514708e-04 2.11893045e-04]
0 [5.80356995e-01 4.51573433e-04 3.50070117e-04 4.18841361e-01]
2 [0.00492628 0.02166442 0.9606402  0.01276909]
2 [0.00286341 0.06787826 0.92740392 0.00185441]
1 [0.00623073 0.95670265 0.00999145 0.02707517]
3 [3.51706566e-02 5.77657986e-04 7.70318025e-04 9.63481367e-01]
3 [0.0036481  0.01713888 0.00221557 0.97699746]
2 [8.29945167e-04 4.27503503e-04 9.97514121e-01 1.22842992e-03]
1 [6.51907913e-04 9.92640885e-01 3.12773207e-03 3.57947524e-03]
0 [0.97651297 0.00204506 0.01078412 0.01065785]
0 [6.13549961e-01 9.61526746e-05 2.59984782e-04 3.86093902e-01]
2 [2.72650467e-04 7.36693865e-05 9.98001420e-01 1.65226025e-03]
1 [1.90782185e-02 9.74130289e-01 6.36482873e-03 4.26663940e-04]
3 [0.04412676 0.23852658 0.32233967 0.39500699]
2 [1.29798219e-03 1.60995554e-04 9.97429135e-01 1.11188699e-03]
3 [0.00604704 0.00842367 0.00750568 0.9780236 ]
3 [0.00461553 0.03127019 0.28407214 0.68004214]
0 [9.96418981e-01 1.48330916e-03 2.05476871e-03 4.29409875e-05]
2 [0.00082505 0.46771164 0.52693135 0.00453196]
1 [8.75514891e-05 9.34967196e-01 6.48857103e-02 5.95424134e-05]
2 [1.39517678e-03 8.01309141e-02 9.17833330e-01 6.40578748e-04]
1 [0.02082491 0.50316403 0.06295686 0.4130542 ]
1 [1.23416257e-03 9.97825679e-01 3.56580260e-04 5.83578347e-04]
0 [9.92945669e-01 2.97731887e-04 7.22940544e-04 6.03365832e-03]
2 [0.0125562  0.06160616 0.90997168 0.01586596]
3 [9.23405621e-02 6.28748697e-04 4.13285875e-04 9.06617403e-01]
0 [0.97398506 0.00173089 0.0231076  0.00117645]
2 [0.06648074 0.07724498 0.63725575 0.21901852]
3 [5.37885104e-02 2.14632971e-04 3.76369095e-04 9.45620488e-01]
1 [0.10926953 0.86264882 0.01379751 0.01428414]
0 [9.97555407e-01 8.18071995e-05 5.46971810e-04 1.81581365e-03]
2 [1.96429988e-03 1.25102018e-04 9.97204708e-01 7.05889800e-04]
0 [0.91857711 0.0030408  0.07036214 0.00801995]
2 [9.69416201e-04 2.32849873e-04 9.98507067e-01 2.90667288e-04]
3 [0.00699751 0.00312168 0.01262645 0.97725436]
1 [6.92169666e-03 9.91485019e-01 1.00547271e-03 5.87811558e-04]
3 [0.00758838 0.01629036 0.02576616 0.95035511]
1 [0.00552399 0.88680326 0.10354317 0.00412959]
2 [2.04155258e-03 4.34686523e-05 9.95303121e-01 2.61185809e-03]
3 [0.00580165 0.00436046 0.00797032 0.98186756]
0 [9.97887481e-01 1.05222748e-03 6.03239125e-04 4.57052854e-04]
1 [0.00505297 0.98427772 0.00444444 0.00622488]
0 [0.99266528 0.00192704 0.00354907 0.00185861]
3 [0.03025005 0.00166244 0.00586387 0.96222363]
0 [0.91437113 0.0201331  0.0498285  0.01566727]
0 [8.88392838e-01 2.50657591e-04 1.28510865e-02 9.85054182e-02]
3 [3.03966574e-01 5.30840820e-04 5.59426281e-04 6.94943159e-01]
2 [3.47341529e-02 1.99097824e-04 9.60993931e-01 4.07281843e-03]
0 [0.61184227 0.01593943 0.01635188 0.35586643]
3 [0.0157581  0.15032426 0.01607289 0.81784475]
0 [5.27204726e-01 5.50891672e-05 1.56074360e-04 4.72584111e-01]
2 [2.92685698e-03 5.40627681e-04 9.92796674e-01 3.73584170e-03]
1 [9.05917907e-04 9.50782440e-01 1.89971460e-02 2.93144960e-02]
2 [4.98746144e-04 2.51843548e-05 9.98345883e-01 1.13018601e-03]
2 [1.98583018e-03 1.75407254e-04 9.95558063e-01 2.28070005e-03]
1 [0.34866896 0.45314728 0.1951722  0.00301157]
2 [0.01677321 0.27526084 0.62185535 0.08611059]
2 [2.30414841e-02 8.47603027e-04 9.75511542e-01 5.99371355e-04]
0 [7.25285563e-01 1.51795248e-04 2.74401753e-01 1.60889022e-04]
1 [1.88724462e-04 9.99701973e-01 1.04845937e-04 4.45654930e-06]
0 [9.99255025e-01 7.69292228e-05 2.21585613e-04 4.46459878e-04]
0 [0.93324945 0.00139595 0.00898961 0.05636499]
0 [0.96068079 0.00434352 0.01764677 0.01732891]
3 [3.96625681e-01 2.86099867e-05 1.50933370e-03 6.01836375e-01]
1 [0.01593036 0.97446166 0.00629744 0.00331054]
2 [0.03109575 0.01182489 0.66183832 0.29524105]
1 [0.01848133 0.96592727 0.00664753 0.00894387]
2 [7.72226929e-04 4.06269791e-04 9.70661740e-01 2.81597635e-02]
2 [7.47633657e-04 2.40774483e-01 7.53992637e-01 4.48524569e-03]
2 [7.80277388e-04 1.88301938e-03 9.96346113e-01 9.90590080e-04]
2 [2.58782136e-03 1.98178233e-01 7.99210056e-01 2.38899730e-05]
0 [9.84800842e-01 8.77157081e-03 5.76915163e-03 6.58435267e-04]
2 [8.09976479e-02 5.27226070e-04 9.17709749e-01 7.65376544e-04]
3 [0.02013508 0.00480253 0.00356258 0.9714998 ]
2 [0.00684579 0.02767789 0.9640078  0.00146852]
2 [7.92293157e-04 4.92261881e-04 9.68014624e-01 3.07008210e-02]
3 [9.49923666e-03 2.25513788e-03 6.23717784e-04 9.87621908e-01]
1 [0.00714854 0.98088826 0.00537852 0.00658468]
1 [7.96914512e-04 9.95690426e-01 3.31360825e-03 1.99051704e-04]
3 [6.05344004e-02 1.20943424e-03 4.78970406e-04 9.37777195e-01]
3 [0.01798168 0.0095291  0.0093228  0.96316642]
1 [0.002139   0.96168951 0.02737466 0.00879683]
3 [1.70317966e-02 8.05302216e-05 9.01212364e-04 9.81986461e-01]
3 [2.86535420e-02 4.36209889e-04 2.62979055e-04 9.70647269e-01]
3 [0.01042151 0.07797001 0.00915066 0.90245783]
1 [1.50338909e-04 9.01633419e-01 9.96875820e-04 9.72193660e-02]
1 [1.85341644e-02 9.81039093e-01 1.83045865e-04 2.43696698e-04]
1 [0.23107615 0.50411383 0.25694528 0.00786473]
2 [0.00078478 0.43934104 0.55928525 0.00058894]
2 [0.04162135 0.01208547 0.89279029 0.0535029 ]
2 [4.72221738e-04 3.30163386e-04 9.98030704e-01 1.16691092e-03]
3 [0.01835471 0.00150141 0.0202034  0.95994047]
1 [0.00765759 0.9238142  0.00409503 0.06443318]
0 [0.9114044  0.00113904 0.07920655 0.00825   ]
3 [0.05185872 0.00725057 0.01025382 0.93063688]
0 [0.45813748 0.13195654 0.25981879 0.15008718]
0 [9.62411076e-01 3.32185213e-04 1.39396365e-03 3.58627751e-02]
0 [9.50538951e-01 2.93794341e-04 1.53875868e-03 4.76284962e-02]
0 [9.78377420e-01 4.19087371e-06 1.81897522e-05 2.16001997e-02]
2 [1.47766288e-02 2.34080292e-03 9.82823301e-01 5.92674521e-05]
3 [4.96027509e-01 3.85208356e-04 6.80756083e-04 5.02906526e-01]
2 [8.36852884e-03 1.56688621e-05 9.91603270e-01 1.25318110e-05]
1 [8.09197131e-04 9.86142476e-01 4.49037049e-03 8.55795612e-03]
2 [0.02988235 0.00185675 0.96546008 0.00280083]
1 [1.16055891e-03 9.95841471e-01 2.66775173e-04 2.73119499e-03]
1 [0.00374398 0.95628551 0.01405144 0.02591907]
1 [0.00194314 0.92430508 0.04597907 0.02777272]
2 [0.01965256 0.00657592 0.9671656  0.00660592]
2 [9.84748641e-02 2.56598499e-03 8.98715899e-01 2.43252152e-04]
2 [4.36484697e-03 5.34556085e-04 9.92041061e-01 3.05953554e-03]
0 [0.82388067 0.00516471 0.00650801 0.16444662]
0 [0.62725721 0.00063244 0.00135573 0.37075462]
3 [0.0321696  0.14802765 0.14714193 0.67266081]
1 [1.03667976e-03 9.97945099e-01 7.01944628e-04 3.16276261e-04]
2 [4.41354543e-01 1.01768596e-01 4.56750645e-01 1.26216089e-04]
0 [5.46416203e-01 3.12730950e-04 3.06312528e-02 4.22639813e-01]
1 [0.28016923 0.56670882 0.15129439 0.00182756]
3 [1.78006792e-01 7.66226554e-04 6.52543276e-04 8.20574438e-01]
2 [0.01230375 0.00784832 0.97137722 0.00847071]
1 [0.01866094 0.96235566 0.0135793  0.0054041 ]
3 [4.02638119e-02 1.91543084e-04 2.01790271e-04 9.59342855e-01]
3 [3.97850523e-01 7.45855100e-05 4.18752521e-04 6.01656139e-01]
1 [1.47491126e-03 9.81653239e-01 8.41998126e-04 1.60298518e-02]
2 [0.02074989 0.00658182 0.93683226 0.03583603]
1 [0.0376354  0.93000801 0.02732548 0.00503111]
1 [0.00870662 0.90324558 0.08113731 0.00691049]
2 [0.1403958  0.09384659 0.7618295  0.0039281 ]
1 [0.01897433 0.93501442 0.02060726 0.02540399]
0 [9.97778011e-01 1.28143917e-04 2.14267129e-04 1.87957799e-03]
0 [9.92079158e-01 3.55501479e-04 6.94764003e-03 6.17700039e-04]
3 [8.74144069e-02 3.31700792e-04 3.31622945e-03 9.08937663e-01]
1 [0.0939414  0.89966976 0.00510649 0.00128235]
3 [0.00564075 0.40368347 0.0983059  0.49236989]
3 [0.02312622 0.03996487 0.21359814 0.72331077]
1 [7.15663591e-03 9.86514582e-01 5.85516524e-03 4.73616736e-04]
3 [6.06029454e-02 3.64283975e-04 2.03467349e-03 9.36998097e-01]
0 [9.30325255e-01 3.25290901e-04 3.05482533e-04 6.90439713e-02]
2 [0.26682862 0.11474888 0.46726685 0.15115565]
2 [1.95847250e-03 3.54547459e-05 9.97753983e-01 2.52089786e-04]
2 [5.12838612e-04 3.48664195e-02 9.55503063e-01 9.11767853e-03]
3 [0.06039824 0.0435805  0.07140459 0.82461667]
2 [2.12030785e-02 1.03242475e-03 9.77606005e-01 1.58491488e-04]
3 [2.04481153e-01 6.31631952e-03 6.26906894e-05 7.89139837e-01]
2 [6.58843188e-04 3.30197553e-05 9.96073985e-01 3.23415239e-03]
2 [0.00230809 0.19911902 0.78765788 0.01091501]
1 [0.04551825 0.71517057 0.19147544 0.04783574]
3 [1.42758978e-01 3.33451370e-04 1.78498252e-03 8.55122588e-01]
2 [3.97172307e-02 1.43430687e-04 9.59099823e-01 1.03951584e-03]
1 [0.09314009 0.78825246 0.02533728 0.09327018]
1 [2.18266061e-03 9.97503409e-01 8.38278369e-05 2.30102553e-04]
1 [0.01760769 0.52648202 0.45312085 0.00278944]
2 [9.38402036e-03 3.56262003e-05 9.88016844e-01 2.56350923e-03]
1 [0.00384293 0.9334831  0.00759634 0.05507763]
2 [0.01946142 0.00218292 0.96402516 0.0143305 ]
1 [0.03206105 0.93295913 0.03118791 0.00379192]
1 [1.04640225e-02 9.87115490e-01 9.73584211e-04 1.44690305e-03]
1 [4.04651160e-03 9.94721488e-01 8.37584800e-04 3.94415131e-04]
2 [0.01092799 0.00429931 0.97321146 0.01156123]
0 [9.89930566e-01 9.72374892e-03 2.17985838e-04 1.27698894e-04]
3 [0.00198579 0.01853185 0.00921093 0.97027144]
1 [0.0017271  0.81339663 0.18139099 0.00348528]
1 [0.00530733 0.95257518 0.03057881 0.01153868]
0 [8.78358887e-01 1.29547510e-03 2.26498087e-04 1.20119140e-01]
2 [4.76319738e-03 2.19893714e-05 9.94989576e-01 2.25237404e-04]
0 [9.65735887e-01 6.76368249e-04 4.86435923e-03 2.87233853e-02]
0 [0.74133637 0.00538038 0.23006805 0.0232152 ]
0 [0.97788448 0.01699736 0.00115767 0.0039605 ]
2 [2.95682257e-03 1.09230710e-04 9.94207351e-01 2.72659608e-03]
2 [3.94527144e-03 5.67617255e-04 9.94759377e-01 7.27734152e-04]
1 [2.41829287e-04 9.98420160e-01 1.01929575e-03 3.18715383e-04]
2 [0.00348952 0.00250525 0.9801584  0.01384684]
1 [2.11219120e-03 9.97174542e-01 1.41273594e-04 5.71992813e-04]
1 [4.42536124e-03 9.91120981e-01 4.13779371e-03 3.15863675e-04]
0 [9.79117595e-01 3.91581649e-04 1.35493592e-04 2.03553294e-02]
1 [1.23752617e-04 9.69308571e-01 1.97233494e-02 1.08443274e-02]
1 [0.05321644 0.59673834 0.15180095 0.19824427]
1 [1.70833710e-03 9.94687602e-01 3.34275595e-03 2.61304524e-04]
2 [6.15361214e-02 4.13319739e-04 9.33637724e-01 4.41283478e-03]
1 [2.13166672e-04 9.97591260e-01 1.96802897e-03 2.27543865e-04]
2 [0.354737   0.15800091 0.45854166 0.02872043]
2 [1.91728448e-03 3.62376060e-04 9.87345305e-01 1.03750343e-02]
2 [1.05647231e-03 2.85249787e-04 9.89041681e-01 9.61659688e-03]
1 [0.01687357 0.96541896 0.00781354 0.00989393]
1 [1.38511007e-03 9.97956823e-01 5.14081334e-04 1.43985712e-04]
3 [0.01396312 0.00108186 0.01417746 0.97077757]
2 [0.30673913 0.01055978 0.65906917 0.02363192]
3 [0.00216146 0.0057894  0.04109875 0.95095039]
2 [2.98837045e-03 3.04220265e-05 9.93880916e-01 3.10029140e-03]
3 [9.29075409e-02 2.07173704e-04 9.07060145e-04 9.05978225e-01]
3 [1.97438617e-03 6.73368375e-04 1.61516392e-02 9.81200606e-01]
3 [0.00112576 0.08009792 0.05345843 0.86531789]
2 [3.05294335e-01 4.11179609e-03 6.89919839e-01 6.74029507e-04]
0 [0.99330427 0.00180414 0.00344779 0.0014438 ]
3 [0.01071645 0.05482136 0.0562163  0.87824589]
1 [0.0076839  0.92192135 0.068977   0.00141775]
2 [3.89487953e-03 3.98472779e-04 9.94365183e-01 1.34146487e-03]
1 [0.0063663  0.9029165  0.06883302 0.02188418]
0 [6.23591020e-01 4.17709225e-03 2.03694824e-04 3.72028193e-01]
1 [0.01390111 0.96004919 0.01926725 0.00678246]
1 [0.01159196 0.78075621 0.20652674 0.00112509]
3 [4.53149764e-01 2.24284181e-05 7.58616854e-05 5.46751946e-01]
0 [9.99017051e-01 2.78798879e-04 5.21549984e-04 1.82600339e-04]
2 [0.05018101 0.21511534 0.60936256 0.12534109]
3 [0.03740785 0.1871802  0.08663664 0.68877531]
2 [0.01642592 0.02359713 0.92116128 0.03881567]
0 [9.75679995e-01 2.77606026e-05 1.87810197e-03 2.24141429e-02]
0 [0.59210926 0.00808032 0.01002462 0.3897858 ]
2 [3.67404560e-02 6.64401625e-04 9.45414937e-01 1.71802049e-02]
1 [6.98001869e-03 9.92157355e-01 7.88045788e-04 7.45801098e-05]
0 [5.27658343e-01 1.49427740e-05 1.13899143e-04 4.72212815e-01]
0 [0.95728604 0.03510896 0.00647617 0.00112882]
2 [0.12298612 0.01241508 0.86164736 0.00295144]
2 [7.30983984e-03 3.25390516e-04 9.67916694e-01 2.44480760e-02]
0 [6.10017430e-01 3.67989049e-05 6.04318539e-05 3.89885339e-01]
1 [0.01055038 0.93897851 0.03512421 0.0153469 ]
1 [8.90311887e-03 9.90198020e-01 6.06578054e-04 2.92282861e-04]
3 [8.14654516e-02 2.10158106e-04 5.29737193e-04 9.17794653e-01]
2 [7.14323667e-04 2.85792483e-03 9.91827377e-01 4.60037482e-03]
3 [2.23350669e-01 1.25238388e-04 1.93609101e-04 7.76330483e-01]
3 [0.02726794 0.0033122  0.00220192 0.96721793]
2 [0.00246562 0.00175994 0.99201981 0.00375463]
2 [0.00944349 0.00797356 0.962428   0.02015494]
3 [1.87618808e-02 8.12596795e-04 5.70323776e-04 9.79855199e-01]
3 [3.15569937e-04 1.15692200e-03 1.08544187e-03 9.97442066e-01]
0 [6.93286817e-01 2.37941139e-05 2.59514216e-04 3.06429875e-01]
3 [1.28060455e-02 3.25593484e-04 7.35564910e-05 9.86794805e-01]
3 [1.67598422e-03 7.15344626e-04 1.73850440e-03 9.95870167e-01]
1 [0.00638155 0.96492353 0.02181574 0.00687918]
2 [0.05951708 0.00135552 0.91842577 0.02070163]
2 [0.00780567 0.243757   0.74245933 0.005978  ]
3 [0.02585909 0.00175259 0.35203453 0.62035379]
2 [0.01933795 0.1932488  0.77397179 0.01344146]
3 [0.00535183 0.00124165 0.05986574 0.93354078]
0 [9.69140105e-01 2.48165641e-03 3.62255102e-04 2.80159830e-02]
0 [9.93566009e-01 2.11851936e-04 1.41790852e-03 4.80423027e-03]
0 [9.97770521e-01 9.12786455e-04 7.88831179e-04 5.27861025e-04]
1 [0.00645153 0.93095317 0.03450176 0.02809353]
2 [2.57804773e-04 8.24910189e-05 9.94410339e-01 5.24936568e-03]
1 [0.02504139 0.96395957 0.00661084 0.0043882 ]
1 [0.00361689 0.95645424 0.00651959 0.03340929]
0 [0.97177604 0.00192862 0.01715052 0.00914482]
0 [9.63021280e-01 4.29261419e-04 1.02598024e-02 2.62896557e-02]
0 [0.98385804 0.00302993 0.00454374 0.0085683 ]
2 [5.86000901e-04 3.76287082e-02 9.60922787e-01 8.62503890e-04]
0 [9.94823203e-01 3.90824221e-04 1.73682556e-03 3.04914704e-03]
3 [0.0526539  0.04000092 0.16238155 0.74496364]
0 [0.72611963 0.08950781 0.00837316 0.17599939]
0 [0.88325603 0.00685847 0.01552319 0.09436231]
1 [2.99393364e-03 9.96661046e-01 3.29283679e-04 1.57364705e-05]
2 [1.86762112e-04 2.76729914e-04 9.98461295e-01 1.07521250e-03]
3 [1.95095578e-02 1.44202332e-03 6.89493787e-04 9.78358925e-01]
0 [5.47747301e-01 9.04448440e-05 3.87029066e-04 4.51775225e-01]
1 [0.00109137 0.98691622 0.01096276 0.00102964]
2 [4.34829726e-02 3.05403234e-02 9.25089060e-01 8.87644346e-04]
0 [0.99372934 0.00162175 0.00357403 0.00107488]
1 [7.67873702e-03 9.88600630e-01 3.66120994e-03 5.94225539e-05]
2 [1.16326078e-03 3.56638733e-04 9.97826758e-01 6.53342226e-04]
0 [0.97703956 0.00133208 0.01925793 0.00237043]
2 [3.39834507e-03 5.14572750e-05 9.93271221e-01 3.27897696e-03]
1 [0.04542311 0.37563    0.33808232 0.24086457]
2 [0.02846002 0.06036815 0.90269039 0.00848144]
1 [1.78569291e-03 9.84465247e-01 1.30919516e-02 6.57108161e-04]
1 [3.95865049e-02 9.59848058e-01 4.19565163e-04 1.45871848e-04]
2 [6.94149902e-04 3.60482935e-04 9.98764217e-01 1.81149664e-04]
2 [0.0015607  0.13097304 0.86618936 0.0012769 ]
1 [0.00435917 0.96773338 0.00922325 0.01868419]
0 [6.55477889e-01 1.38861649e-02 4.40247892e-04 3.30195698e-01]
0 [9.92677053e-01 4.84361761e-03 3.12460185e-05 2.44808328e-03]
1 [0.02720987 0.96472754 0.00373747 0.00432512]
0 [6.52703966e-01 2.90955341e-01 4.72920609e-04 5.58677727e-02]
2 [0.12449454 0.0277916  0.82799754 0.01971632]
2 [1.71800205e-04 6.70953698e-06 9.99322532e-01 4.98958707e-04]
2 [3.01331464e-02 1.84070955e-04 9.55758272e-01 1.39245108e-02]
3 [0.14640058 0.02502125 0.22547694 0.60310122]
2 [4.98892377e-03 2.99191676e-04 9.70328418e-01 2.43834664e-02]
2 [0.01886914 0.01927369 0.91917398 0.04268319]
0 [0.81287976 0.00125222 0.00308154 0.18278648]
0 [0.97464347 0.00135416 0.00688135 0.01712103]
2 [0.00527557 0.00338011 0.98821011 0.00313421]
2 [1.16854537e-01 5.98133178e-04 8.81733507e-01 8.13822760e-04]
0 [9.22240375e-01 2.90068610e-05 1.15862856e-02 6.61443328e-02]
1 [0.00329161 0.97680998 0.01435048 0.00554794]
2 [4.00351801e-04 1.06699950e-03 9.85334166e-01 1.31984830e-02]
3 [1.06969783e-02 4.12605454e-04 1.16428592e-03 9.87726130e-01]
1 [1.05187128e-02 9.80900289e-01 5.00255141e-04 8.08074352e-03]
3 [2.01679475e-02 2.84559355e-04 2.18956907e-03 9.77357924e-01]
2 [1.56085173e-03 4.70648816e-04 9.95231517e-01 2.73698241e-03]
3 [1.68842147e-02 3.20654929e-04 2.37550965e-03 9.80419621e-01]
1 [2.98033174e-03 8.93163405e-01 1.03009109e-01 8.47154510e-04]
3 [0.04599261 0.12215266 0.02805613 0.8037986 ]
1 [0.01541486 0.97316979 0.00478945 0.0066259 ]
0 [0.80577824 0.00217986 0.02364345 0.16839844]
2 [0.01375145 0.05148885 0.92549058 0.00926913]
0 [0.93146682 0.03227586 0.01653648 0.01972084]
3 [3.72336700e-01 3.58157598e-04 2.03096593e-04 6.27102046e-01]
2 [0.00282549 0.00445728 0.95701608 0.03570116]
3 [0.05198268 0.15131781 0.0528599  0.74383962]
2 [0.0115675  0.08588544 0.89725363 0.00529343]
2 [2.53504793e-01 2.85531034e-05 7.46098861e-01 3.67792874e-04]
1 [2.43871192e-03 9.96244782e-01 9.23622928e-04 3.92883237e-04]
2 [1.98895286e-03 8.57295361e-04 9.96315256e-01 8.38495708e-04]
3 [0.00704477 0.00162327 0.00203119 0.98930077]
1 [7.65131242e-04 9.84630800e-01 3.53337034e-03 1.10706981e-02]
3 [2.85559627e-01 3.32333518e-04 1.95542425e-03 7.12152615e-01]
1 [0.00385228 0.98703918 0.00746942 0.00163913]
1 [1.50837937e-04 9.99049852e-01 7.15889466e-04 8.34205920e-05]
3 [3.43612149e-03 5.96414774e-04 3.37624361e-02 9.62205028e-01]
1 [0.25707607 0.68415567 0.05311716 0.0056511 ]
2 [3.40386924e-03 1.00887144e-03 9.94979445e-01 6.07813970e-04]
2 [8.35505138e-04 3.12781104e-03 9.94130494e-01 1.90618989e-03]
2 [1.48091674e-03 2.39890397e-04 9.94994811e-01 3.28438200e-03]
1 [0.00898281 0.86028523 0.09446838 0.03626357]
0 [8.95707378e-01 5.38009994e-02 2.53046231e-04 5.02385766e-02]
1 [0.01834637 0.96420022 0.00780752 0.0096459 ]
1 [9.03140365e-04 9.96066276e-01 2.42924786e-03 6.01335436e-04]
1 [0.00162292 0.66652697 0.30357553 0.02827458]
0 [0.99206561 0.00166794 0.00157899 0.00468746]
1 [0.0026298  0.99175928 0.00395278 0.00165814]
1 [0.00737414 0.98891123 0.00264955 0.00106507]
0 [6.89977761e-01 4.66461943e-04 1.88951877e-03 3.07666258e-01]
1 [0.01286401 0.95486764 0.02193183 0.01033652]
1 [1.54465761e-03 9.97581043e-01 7.02292350e-04 1.72006877e-04]
1 [0.00064551 0.52927811 0.46417939 0.00589699]
0 [6.67568257e-01 9.49671999e-06 6.11901422e-04 3.31810345e-01]
1 [0.00285814 0.97639133 0.01826695 0.00248357]
1 [0.00405304 0.96115425 0.02849096 0.00630176]
3 [0.09747559 0.00338902 0.00722666 0.89190873]
3 [0.14335778 0.00525868 0.00487948 0.84650407]
2 [3.14907948e-04 4.60391720e-04 9.96704022e-01 2.52067848e-03]
1 [6.46020563e-03 9.91401047e-01 1.61061158e-03 5.28135489e-04]
0 [5.26598311e-01 2.05223415e-05 1.84820378e-04 4.73196346e-01]
0 [0.92096266 0.00529695 0.01375778 0.05998261]
2 [1.20080054e-02 9.43621583e-06 9.87894425e-01 8.81331029e-05]
2 [4.17192945e-03 4.48835364e-04 9.92274979e-01 3.10425579e-03]
2 [0.03972792 0.26137615 0.66523821 0.03365772]
0 [0.96414765 0.00512511 0.01666004 0.0140672 ]
1 [7.49021207e-04 9.91795835e-01 2.86248887e-03 4.59265513e-03]
3 [0.06230386 0.00135391 0.00122351 0.93511873]
2 [0.17009845 0.00089716 0.80701122 0.02199316]
2 [3.02984006e-03 4.01995017e-04 9.90656305e-01 5.91185962e-03]
2 [2.46489161e-03 1.82815083e-05 9.95321288e-01 2.19553929e-03]
0 [0.53014934 0.22625916 0.11515028 0.12844123]
0 [0.90566444 0.00156509 0.01242153 0.08034894]
2 [3.64939300e-04 1.38871799e-05 9.70274887e-01 2.93462861e-02]
2 [0.27368369 0.00189686 0.72319177 0.00122768]
2 [1.31000982e-03 3.92604594e-01 6.05915270e-01 1.70125747e-04]
3 [0.04407627 0.33948028 0.27346126 0.34298219]
1 [0.01554722 0.97761292 0.0024745  0.00436536]
1 [0.00136764 0.99229946 0.0047208  0.00161209]
2 [1.98983702e-03 2.31288650e-04 9.97208943e-01 5.69931654e-04]
2 [4.38509311e-04 2.77673879e-03 9.94903664e-01 1.88108771e-03]
0 [0.94503133 0.00198247 0.0461616  0.0068246 ]
1 [0.02488336 0.59200198 0.1459957  0.23711896]
2 [4.50324454e-03 1.68988921e-04 9.94447726e-01 8.80040507e-04]
3 [0.00412784 0.0211182  0.00232768 0.97242629]
1 [0.00482339 0.98774589 0.00200105 0.00542967]
0 [5.00078428e-01 1.79352767e-04 4.83393089e-01 1.63491299e-02]
1 [1.09692442e-03 9.98404615e-01 8.84700410e-05 4.09990922e-04]
0 [0.98786486 0.00598848 0.00306061 0.00308606]
2 [0.01896975 0.34782255 0.61477594 0.01843176]
3 [4.58613219e-02 6.33787734e-03 5.77823352e-04 9.47222977e-01]
2 [7.50639152e-04 3.18152932e-04 9.97595576e-01 1.33563212e-03]
2 [4.80152882e-03 8.13728781e-04 9.49194290e-01 4.51904520e-02]
1 [0.00478978 0.98594696 0.00725928 0.00200398]
3 [2.52528107e-01 3.07562734e-05 3.54420984e-01 3.93020153e-01]
1 [0.0031646  0.96494919 0.02619272 0.00569349]
2 [0.33737498 0.02438627 0.59426835 0.04397039]
2 [2.51357976e-03 2.03808050e-02 9.76258211e-01 8.47404670e-04]
1 [6.76568649e-04 8.90027339e-01 1.07026241e-01 2.26985126e-03]
1 [0.00428848 0.879232   0.00616306 0.11031645]
3 [1.17046433e-01 5.38354335e-04 2.62618172e-03 8.79789031e-01]
2 [2.07496720e-05 4.13956660e-01 5.71301211e-01 1.47213789e-02]
0 [9.95989001e-01 2.52249182e-05 1.57310203e-03 2.41267164e-03]
3 [0.00321175 0.00109728 0.00189821 0.99379276]
1 [0.00662475 0.9431768  0.00691372 0.04328473]
1 [5.44344984e-03 9.92134933e-01 1.63252852e-03 7.89088404e-04]
1 [0.02233726 0.9466734  0.02237034 0.008619  ]
1 [8.53730675e-04 9.93204414e-01 5.61681143e-03 3.25044150e-04]
2 [1.09501706e-03 8.07435084e-02 9.17540086e-01 6.21388357e-04]
2 [4.64845944e-03 4.50483588e-02 9.49967512e-01 3.35669673e-04]
1 [8.91695018e-05 9.99311963e-01 4.65990208e-04 1.32876805e-04]
3 [0.28520195 0.00083463 0.01654532 0.6974181 ]
2 [0.00499975 0.0784642  0.91197595 0.00456009]
3 [0.00346615 0.0027855  0.01496247 0.97878587]
0 [9.50889029e-01 2.58811483e-04 8.38060310e-03 4.04715562e-02]
2 [5.40041007e-03 2.30933695e-04 9.92454947e-01 1.91370883e-03]
3 [3.78799428e-01 1.49696238e-04 2.35566086e-04 6.20815310e-01]
0 [0.49313386 0.26509549 0.12246964 0.119301  ]
1 [3.05265823e-04 9.65529331e-01 3.39356121e-02 2.29790811e-04]
2 [0.17079948 0.00489514 0.44417459 0.38013079]
2 [0.00849185 0.00751844 0.78557623 0.19841349]
1 [0.00357123 0.77186365 0.22302945 0.00153567]
0 [0.90636211 0.06847245 0.0055081  0.01965734]
1 [0.00251218 0.99262877 0.00267147 0.00218757]
3 [0.14600585 0.00280954 0.01246807 0.83871655]
1 [9.33240239e-04 9.88796752e-01 5.97918099e-03 4.29082674e-03]
3 [4.09790633e-01 5.20614492e-04 1.93864331e-02 5.70302319e-01]
0 [9.70343697e-01 2.93776025e-02 2.65839109e-04 1.28609037e-05]
2 [0.00192935 0.46370013 0.49369755 0.04067296]
3 [0.01991493 0.00964117 0.0025176  0.96792629]
2 [1.34939562e-03 1.19758743e-05 9.98493446e-01 1.45182759e-04]
2 [0.01075238 0.00407012 0.96435006 0.02082744]
0 [9.79933844e-01 4.19910258e-03 6.97024306e-04 1.51700293e-02]
0 [9.67116320e-01 1.48895551e-05 3.00354070e-03 2.98652501e-02]
3 [3.09662779e-01 2.75057194e-04 4.82087686e-02 6.41853396e-01]
1 [4.08410005e-02 9.58734631e-01 1.77302710e-04 2.47065814e-04]
0 [0.9806709  0.00456396 0.00837783 0.00638731]
1 [0.00621184 0.96262772 0.02925112 0.00190932]
1 [0.0070169  0.98465987 0.00679954 0.00152369]
0 [5.83477740e-01 3.75576198e-04 7.60057483e-04 4.15386627e-01]
0 [0.74351042 0.25285045 0.0028354  0.00080372]
1 [0.01775745 0.8692324  0.06250019 0.05050997]
0 [6.70425003e-01 1.69667964e-04 5.13250004e-04 3.28892079e-01]
1 [0.00442231 0.96954302 0.02272179 0.00331288]
1 [4.56192196e-04 9.99302176e-01 1.18649678e-04 1.22981730e-04]
0 [0.97713695 0.00298342 0.00229908 0.01758055]
0 [9.97716128e-01 7.96232245e-04 6.65163732e-04 8.22476171e-04]
3 [0.0592211  0.02712645 0.01021009 0.90344236]
1 [1.64264317e-03 9.97758203e-01 3.43121641e-04 2.56032579e-04]
2 [0.00117836 0.05160888 0.92789999 0.01931277]
1 [0.00338106 0.99297254 0.00242488 0.00122152]
2 [4.55719059e-03 5.29271964e-04 9.82214009e-01 1.26995280e-02]
0 [0.98245688 0.00234724 0.00148599 0.01370988]
0 [0.96312979 0.0059518  0.01234009 0.01857831]
2 [0.0148779  0.08698168 0.7875179  0.11062252]
2 [5.54870096e-04 3.65409010e-02 9.62095147e-01 8.09082000e-04]
2 [0.00863948 0.00130136 0.97013744 0.01992172]
0 [6.35121086e-01 1.41147760e-04 6.46800586e-04 3.64090966e-01]
2 [1.08507996e-02 5.84244956e-04 9.70743185e-01 1.78217707e-02]
3 [0.02902817 0.00252646 0.008086   0.96035937]
1 [0.03182252 0.62383787 0.31728569 0.02705393]
0 [0.59820306 0.00088086 0.01175957 0.38915651]
0 [9.49205967e-01 2.87156608e-04 3.31219818e-03 4.71946785e-02]
1 [4.97943382e-03 9.91969341e-01 2.16755677e-03 8.83668143e-04]
3 [0.00794266 0.02019144 0.02928988 0.94257602]
2 [0.02919619 0.02706315 0.91596749 0.02777316]
2 [5.75287486e-02 6.95822029e-05 9.34341866e-01 8.05980279e-03]
2 [3.53523235e-03 4.28430802e-04 9.93156027e-01 2.88031029e-03]
0 [0.88418966 0.10293217 0.00210995 0.01076822]
1 [0.00212147 0.88619309 0.11054672 0.00113872]
0 [7.96016906e-01 2.56674349e-04 1.59293268e-04 2.03567127e-01]
3 [0.00151608 0.008638   0.00347325 0.98637266]
2 [0.00122356 0.00604    0.98168205 0.01105439]
2 [0.00428683 0.00533713 0.98791806 0.00245798]
1 [9.16460980e-04 9.98594663e-01 3.77729520e-04 1.11146002e-04]
3 [2.69590594e-02 1.88730883e-03 5.25725486e-04 9.70627906e-01]
0 [0.70317337 0.00804875 0.01838195 0.27039593]
1 [0.00752026 0.96348431 0.02390467 0.00509076]
3 [0.00176336 0.01569895 0.01341964 0.96911805]
2 [0.00194399 0.00286391 0.99104799 0.00414411]
2 [5.20990398e-03 3.31581908e-04 9.94284016e-01 1.74497948e-04]
3 [2.82862162e-01 2.34793336e-04 3.90321817e-04 7.16512723e-01]
1 [0.03002111 0.80647772 0.11809404 0.04540713]
2 [3.14438829e-04 2.83712628e-05 9.95447056e-01 4.21013357e-03]
0 [0.97885384 0.00974422 0.0076321  0.00376984]
1 [0.01531979 0.87450012 0.08882266 0.02135743]
0 [9.81753403e-01 1.30555591e-02 4.88380837e-03 3.07229393e-04]
1 [6.33692622e-05 9.66986538e-01 5.29124862e-03 2.76588445e-02]
0 [9.94714167e-01 1.36527391e-03 3.68768706e-03 2.32872492e-04]
2 [3.34001192e-03 5.46998652e-04 9.93628923e-01 2.48406688e-03]
2 [0.00398689 0.00405651 0.98983904 0.00211756]
2 [2.64098711e-03 3.53382240e-05 9.96719379e-01 6.04295276e-04]
0 [0.75950486 0.1232482  0.03681674 0.0804302 ]
2 [0.00555574 0.00247714 0.98935069 0.00261642]
0 [0.910362   0.00225272 0.00159285 0.08579243]
3 [0.00706368 0.00892596 0.02408521 0.95992515]
1 [5.28317781e-04 9.83616802e-01 1.55838208e-02 2.71059038e-04]
1 [0.00107428 0.79205052 0.00155136 0.20532384]
2 [3.80402522e-04 2.86198633e-04 9.96237507e-01 3.09589182e-03]
1 [0.03372318 0.52430322 0.43058926 0.01138434]
0 [9.60775485e-01 7.52829261e-04 5.50466873e-04 3.79212192e-02]
2 [0.00967242 0.01469689 0.97215146 0.00347923]
0 [9.05673613e-01 3.93116127e-04 2.24543695e-03 9.16878342e-02]
1 [0.00230108 0.98576011 0.00937412 0.00256469]
1 [4.64980885e-04 9.98387236e-01 1.00600046e-03 1.41782295e-04]
0 [9.94540009e-01 9.43145737e-04 8.29873414e-04 3.68697198e-03]
1 [0.00757551 0.98441154 0.0028786  0.00513434]
1 [0.00683549 0.94554345 0.03796155 0.00965951]
1 [0.0026174  0.96605003 0.02615004 0.00518253]
3 [0.01797541 0.00263644 0.00502314 0.97436501]
2 [5.54413343e-03 1.89310091e-04 9.93650183e-01 6.16373365e-04]
1 [0.00751589 0.92093461 0.02956063 0.04198887]
0 [0.72425106 0.03281848 0.18763154 0.05529893]
2 [1.44852289e-02 1.03414081e-03 9.83632363e-01 8.48267160e-04]
0 [0.90195633 0.03152386 0.04417325 0.02234657]
3 [1.00690771e-03 6.46595034e-04 2.44579771e-03 9.95900700e-01]
2 [1.01085444e-03 4.87646816e-05 9.97553465e-01 1.38691630e-03]
0 [0.92193243 0.00667089 0.00109002 0.07030665]
0 [0.71154651 0.1597702  0.04687494 0.08180835]
1 [4.28273008e-03 9.90685401e-01 4.94365446e-03 8.82143343e-05]
3 [0.0296438  0.00320747 0.00224255 0.96490619]
1 [0.01479803 0.97774483 0.00316165 0.00429548]
0 [9.98166611e-01 1.39221632e-04 5.70006205e-04 1.12416093e-03]
2 [0.00482641 0.01424112 0.97206644 0.00886603]
2 [5.83801400e-04 3.75527787e-02 9.61004707e-01 8.58713033e-04]
0 [0.91245118 0.01356463 0.00337544 0.07060875]
0 [9.18546978e-01 2.89408638e-03 4.36344836e-04 7.81225911e-02]
0 [0.45959513 0.42176292 0.10489088 0.01375106]
0 [0.53834993 0.25115999 0.08692424 0.12356584]
2 [0.12573463 0.15910116 0.57906936 0.13609486]
0 [0.9522337  0.00188705 0.00922345 0.03665579]
1 [0.03784907 0.44539223 0.37820352 0.13855518]
2 [0.01669631 0.09804163 0.70760762 0.17765444]
3 [0.06373507 0.14798924 0.19195458 0.59632112]
0 [9.78139121e-01 7.78180509e-04 4.00425442e-03 1.70784446e-02]
1 [0.00468327 0.98250452 0.00686636 0.00594585]
3 [0.27610337 0.04776679 0.0096918  0.66643804]
0 [9.91898387e-01 7.70159947e-03 1.27279779e-04 2.72734153e-04]
2 [0.05237245 0.04223702 0.87236163 0.0330289 ]
1 [1.09480629e-03 9.97618111e-01 8.05147066e-04 4.81935869e-04]
1 [3.88287314e-04 9.56807112e-01 7.54259455e-05 4.27291750e-02]
1 [0.00439702 0.94944445 0.01515464 0.0310039 ]
1 [0.08035978 0.8931013  0.01415388 0.01238505]
0 [0.51624097 0.07078738 0.14785507 0.26511658]
3 [3.53278897e-01 6.43848543e-04 1.37047946e-03 6.44706775e-01]
1 [7.82412624e-04 9.12063231e-01 7.11645948e-02 1.59897612e-02]
1 [0.00341103 0.99036505 0.00151816 0.00470576]
0 [9.86496836e-01 1.08073369e-02 2.05980945e-03 6.36017727e-04]
3 [0.03306438 0.18954077 0.02565697 0.75173788]
2 [0.01085404 0.08993959 0.87337951 0.02582686]
2 [3.16832500e-03 4.44236837e-06 9.96635628e-01 1.91604741e-04]
2 [2.19123898e-03 2.44788964e-02 9.72625845e-01 7.04020011e-04]
1 [6.90824504e-04 9.56109738e-01 3.92872467e-02 3.91219038e-03]
2 [1.60584690e-03 3.95045191e-04 9.96806606e-01 1.19250236e-03]
1 [0.00558354 0.90344996 0.07967902 0.01128748]
2 [0.02934911 0.00160514 0.96769178 0.00135397]
0 [9.63258667e-01 3.57282420e-02 7.01224784e-04 3.11866496e-04]
3 [0.00228948 0.00217752 0.00328737 0.99224563]
0 [0.47143374 0.13983875 0.03124369 0.35748382]
3 [7.12703946e-03 3.70845648e-04 2.65332258e-03 9.89848792e-01]
1 [0.00112739 0.98841736 0.00775436 0.00270088]
0 [0.64110181 0.30068816 0.05246872 0.00574132]
2 [1.87695561e-03 1.18303835e-04 9.97796742e-01 2.07998977e-04]
0 [0.97718204 0.01068337 0.00771921 0.00441538]
1 [0.00242268 0.92724558 0.03877875 0.03155299]
1 [0.00548626 0.98226359 0.00822885 0.0040213 ]
2 [3.58692682e-02 1.93764856e-03 9.61980256e-01 2.12826931e-04]
0 [9.80742213e-01 1.95964095e-04 1.81838824e-03 1.72434343e-02]
2 [0.00233636 0.00506332 0.93325637 0.05934394]
2 [0.00419622 0.00149035 0.99220614 0.00210728]
2 [1.10832156e-02 1.35380864e-03 9.87144172e-01 4.18803688e-04]
2 [6.86712905e-03 9.21536982e-04 9.90945499e-01 1.26583502e-03]
3 [0.00629731 0.14349658 0.17879375 0.67141237]
1 [2.71958525e-02 9.70138436e-01 2.42202243e-03 2.43689558e-04]
3 [2.79020942e-02 1.02266660e-03 6.32751850e-04 9.70442487e-01]
2 [0.04263954 0.00844057 0.93224286 0.01667704]
0 [5.64595616e-01 1.80587129e-05 2.36165997e-04 4.35150159e-01]
1 [1.85635725e-03 5.33656713e-01 4.64255111e-01 2.31818567e-04]
2 [0.11509008 0.00498054 0.87851686 0.00141252]
0 [9.54716402e-01 1.63373141e-04 9.03989796e-04 4.42162350e-02]
0 [5.14474387e-01 1.15402734e-05 2.32639502e-05 4.85490809e-01]
3 [4.07973316e-01 2.63894813e-05 3.47935075e-05 5.91965501e-01]
2 [0.01049121 0.02193773 0.91207589 0.05549517]
2 [1.09402129e-02 1.98382100e-04 9.83281318e-01 5.58008694e-03]
0 [0.9648144  0.00617793 0.01345092 0.01555675]
2 [0.05701075 0.00385217 0.92739075 0.01174632]
1 [0.0046096  0.87478319 0.1126381  0.00796911]
1 [4.28367136e-03 9.92349308e-01 2.82443927e-03 5.42581462e-04]
2 [2.08842116e-03 3.48697573e-05 9.97799172e-01 7.75366640e-05]
2 [2.31134528e-03 1.04309478e-03 9.95796848e-01 8.48711736e-04]
1 [0.00295912 0.98794713 0.0046836  0.00441015]
0 [9.98968922e-01 4.12787767e-05 1.62703412e-05 9.73529328e-04]
0 [0.96878149 0.0017146  0.00157672 0.02792719]
0 [9.86543814e-01 1.52398076e-04 8.05178158e-04 1.24986102e-02]
0 [9.99257391e-01 3.48839958e-04 7.26532762e-05 3.21115877e-04]
2 [0.00765384 0.0022505  0.98802907 0.00206659]
3 [0.14697394 0.01507884 0.01525322 0.822694  ]
0 [0.97167223 0.00627134 0.00161922 0.02043722]
2 [0.0440547  0.17966468 0.61584171 0.16043891]
2 [0.00201302 0.41685231 0.58052322 0.00061145]
2 [0.35109626 0.00195347 0.64320801 0.00374225]
3 [0.02241404 0.00366033 0.00164151 0.97228413]
2 [0.00304232 0.00297205 0.98491947 0.00906616]
2 [0.01171281 0.01611617 0.96939705 0.00277397]
1 [9.01491493e-04 9.90596365e-01 6.40992504e-03 2.09221888e-03]
0 [0.98484522 0.01059138 0.00102628 0.00353712]
1 [4.76107161e-04 9.99161126e-01 3.07761533e-04 5.50055180e-05]
2 [0.01437735 0.04388509 0.9131592  0.02857836]
1 [0.00358647 0.72081357 0.15100329 0.12459666]
1 [0.03928321 0.93127317 0.01928598 0.01015765]
2 [5.36247511e-03 6.73463487e-04 9.91287176e-01 2.67688496e-03]
2 [0.07848994 0.00189801 0.9102651  0.00934695]
0 [0.57281463 0.27766994 0.1312876  0.01822783]
2 [1.25064021e-01 5.12619320e-04 8.68923161e-01 5.50019846e-03]
3 [0.00727696 0.00598045 0.00118929 0.98555329]
0 [0.68733899 0.0030684  0.00632342 0.30326919]
0 [9.74068072e-01 1.62678981e-04 1.41671292e-03 2.43525365e-02]
0 [9.27275912e-01 2.97367617e-04 5.36404526e-05 7.23730798e-02]
0 [0.92658269 0.00644278 0.03521983 0.03175471]
2 [8.18356526e-04 2.03598868e-03 9.94457153e-01 2.68850159e-03]
2 [9.88017700e-03 1.02756893e-04 9.89795601e-01 2.21464752e-04]
2 [7.75356229e-03 4.39375494e-04 9.90830747e-01 9.76315288e-04]
0 [0.49697903 0.00943854 0.25872963 0.2348528 ]
2 [2.08576941e-02 5.39992286e-03 9.72872022e-01 8.70360836e-04]
0 [0.91964289 0.00917843 0.00389834 0.06728034]
3 [0.00189197 0.03006421 0.06972498 0.89831884]
3 [0.00596089 0.01330919 0.00199982 0.9787301 ]
3 [3.82170960e-04 3.31707851e-05 5.89720380e-04 9.98994938e-01]
1 [0.00180551 0.97969536 0.01492422 0.00357491]
3 [0.22076816 0.00150217 0.00474393 0.77298574]
1 [0.0047557  0.7204413  0.07681266 0.19799034]
0 [9.90320186e-01 6.34657714e-04 9.11018828e-04 8.13413786e-03]
1 [0.0022847  0.93787103 0.05460684 0.00523743]
1 [1.26867387e-03 9.95063377e-01 3.39446717e-03 2.73481830e-04]
1 [0.00255885 0.95718296 0.02922435 0.01103384]
2 [0.00504171 0.00285391 0.96778425 0.02432014]
1 [0.3477705  0.42882772 0.12074668 0.10265511]
1 [0.00223966 0.95124015 0.04503237 0.00148782]
2 [0.00775577 0.01685871 0.95358515 0.02180037]
3 [1.32134402e-01 6.67554196e-03 7.29040250e-04 8.60461015e-01]
0 [0.93884277 0.00648529 0.00102018 0.05365177]
2 [0.00695117 0.01253327 0.97594138 0.00457417]
2 [1.09809747e-02 5.14231563e-05 9.88799062e-01 1.68539789e-04]
2 [0.03276754 0.02359198 0.93156096 0.01207952]
3 [1.95760112e-02 3.31396772e-03 9.37160788e-05 9.77016305e-01]
3 [0.05183112 0.03089609 0.04842381 0.86884898]
2 [4.23134477e-02 1.05761324e-01 8.51781494e-01 1.43734652e-04]
1 [0.00314791 0.59432304 0.14700704 0.25552201]
1 [0.01083014 0.97006712 0.01292595 0.00617678]
2 [1.62037072e-03 1.72507191e-04 9.98164332e-01 4.27904086e-05]
3 [0.01994892 0.00605471 0.17589713 0.79809924]
0 [7.63638897e-01 5.29474795e-05 2.44697083e-03 2.33861184e-01]
2 [5.03116937e-02 6.94273341e-04 9.46205173e-01 2.78886009e-03]
1 [0.00215334 0.98693401 0.00304869 0.00786396]
1 [0.01241921 0.76425876 0.0213625  0.20195953]
1 [0.00604679 0.75708509 0.17446937 0.06239875]
0 [9.52082402e-01 5.27861769e-06 7.18010046e-04 4.71943098e-02]
2 [0.0025277  0.06855795 0.84692202 0.08199233]
1 [1.68498810e-04 9.97915469e-01 1.09066126e-03 8.25370449e-04]
2 [7.22708358e-04 4.61606664e-04 9.98478907e-01 3.36778071e-04]
1 [9.14925338e-04 9.97098882e-01 1.49549540e-03 4.90697371e-04]
0 [0.91729487 0.01653038 0.06271716 0.00345759]
2 [9.68771187e-03 1.19091300e-03 9.88337778e-01 7.83597048e-04]
1 [0.00657161 0.98934045 0.00264389 0.00144405]
3 [5.28696410e-02 2.49024671e-05 1.64761366e-04 9.46940695e-01]
1 [2.07331548e-03 9.96110088e-01 1.37503288e-04 1.67909325e-03]
1 [0.07168585 0.76508696 0.04052961 0.12269759]
3 [0.00802235 0.11386118 0.05989653 0.81821994]
2 [8.81400931e-04 7.84385072e-05 9.98556659e-01 4.83501651e-04]
3 [0.0285156  0.32596871 0.03274283 0.61277285]
0 [9.94780669e-01 2.95808343e-05 4.05756018e-04 4.78399444e-03]
1 [0.00533409 0.93866555 0.02192233 0.03407802]
2 [7.01859759e-03 1.58733980e-04 9.90040739e-01 2.78192957e-03]
3 [3.97014562e-02 1.92504067e-04 6.08442624e-03 9.54021614e-01]
0 [9.66530967e-01 4.29436771e-03 6.91329837e-04 2.84833352e-02]
1 [0.08444076 0.88232445 0.01322688 0.02000791]
1 [4.43612886e-01 5.34488130e-01 2.17212398e-02 1.77743856e-04]
3 [0.02595079 0.01403175 0.00462355 0.9553939 ]
0 [7.81181105e-01 6.76879915e-04 7.52213867e-04 2.17389802e-01]
1 [0.00189799 0.82997797 0.0151984  0.15292565]
1 [1.69166966e-03 9.97086361e-01 1.83511635e-04 1.03845766e-03]
0 [6.72640413e-01 8.52150887e-04 6.61021071e-04 3.25846415e-01]
0 [9.34438301e-01 1.26962374e-05 2.92458137e-05 6.55197569e-02]
1 [1.42010426e-03 9.97664795e-01 6.38154539e-04 2.76946202e-04]
2 [7.00025724e-03 6.97058243e-05 9.87868710e-01 5.06132683e-03]
3 [0.00117725 0.00597918 0.00447175 0.98837182]
2 [0.01958959 0.10604853 0.78859243 0.08576945]
3 [0.04482607 0.20226019 0.13197444 0.62093931]
0 [0.97962174 0.00126828 0.0050882  0.01402178]
0 [9.93503081e-01 4.18129899e-05 1.53619955e-04 6.30148641e-03]
3 [0.10905647 0.00621295 0.06766807 0.81706251]
2 [0.00588546 0.33338439 0.65337099 0.00735917]
2 [0.00455597 0.00121231 0.98901554 0.00521619]
2 [3.34915365e-03 8.13100356e-05 9.50466696e-01 4.61028405e-02]
1 [1.56379279e-03 9.97615530e-01 6.41537348e-04 1.79139462e-04]
1 [9.37424642e-04 9.44280947e-01 9.09846229e-04 5.38717826e-02]
2 [7.68879739e-04 8.65769986e-02 8.72162939e-01 4.04911823e-02]
1 [0.00790062 0.97979941 0.00673899 0.00556098]
2 [0.0109837  0.00796238 0.97928793 0.00176599]
3 [0.0169033  0.00687316 0.02594907 0.95027447]
2 [5.59424659e-04 2.71405843e-04 9.96745748e-01 2.42342153e-03]
2 [0.00726389 0.00218135 0.98286543 0.00768934]
3 [9.18004872e-02 3.55235263e-04 1.85549341e-03 9.05988784e-01]
3 [0.42617517 0.00337119 0.01145139 0.55900225]
0 [9.98169302e-01 4.23153394e-04 1.26614250e-03 1.41402355e-04]
2 [1.04191964e-03 3.94684467e-04 9.96801309e-01 1.76208703e-03]
2 [0.22622019 0.06127813 0.46575346 0.24674822]
3 [9.90286790e-03 5.34754594e-04 4.54309466e-03 9.85019283e-01]
3 [0.00365631 0.01720258 0.00222798 0.97691313]
1 [0.00210975 0.79099077 0.15312397 0.05377551]
0 [9.74911362e-01 2.00191991e-02 4.60547471e-03 4.63964131e-04]
2 [7.42171995e-03 5.00747632e-05 9.91928168e-01 6.00037275e-04]
2 [0.00774383 0.00369918 0.97177278 0.01678421]
0 [9.97912837e-01 6.14293649e-04 1.08145522e-03 3.91413803e-04]
0 [0.96495409 0.01763016 0.01110332 0.00631243]
2 [1.99605000e-04 1.65691287e-05 9.99308891e-01 4.74935294e-04]
0 [9.09039465e-01 2.81388323e-03 2.77128409e-04 8.78695233e-02]
1 [2.93597545e-03 9.95558768e-01 1.43821252e-03 6.70439917e-05]
0 [0.90108325 0.02325179 0.06981802 0.00584695]
1 [1.18745966e-02 5.61538340e-01 4.38326325e-04 4.26148737e-01]
2 [0.01134089 0.18744233 0.72405723 0.07715955]
3 [2.81157606e-02 5.79044134e-05 2.23557159e-04 9.71602778e-01]
0 [0.60027958 0.00074034 0.0011714  0.39780868]
1 [0.02850095 0.94697002 0.00264038 0.02188865]
3 [0.13820822 0.00591141 0.05733274 0.79854763]
0 [5.34570414e-01 1.28857149e-03 2.37722218e-04 4.63903292e-01]
1 [0.00410832 0.98374871 0.00375615 0.00838682]
0 [9.75538461e-01 6.78252982e-05 8.01979599e-05 2.43135153e-02]
1 [6.11073939e-02 9.29424207e-01 8.94845961e-03 5.19939329e-04]
1 [0.01003223 0.94585755 0.01665885 0.02745137]
3 [0.29960368 0.00416998 0.0159873  0.68023904]
2 [1.85244314e-03 9.60060232e-05 9.96505783e-01 1.54576814e-03]
2 [3.26257088e-03 4.41629718e-05 9.95054228e-01 1.63903842e-03]
1 [2.74975080e-03 9.95560934e-01 1.53733950e-03 1.51975364e-04]
0 [9.78915187e-01 2.97048055e-04 2.40207794e-03 1.83856870e-02]
0 [0.95922419 0.00620598 0.03221477 0.00235506]
3 [0.00473103 0.03011882 0.01707564 0.94807451]
2 [4.99059487e-04 7.23215503e-06 9.98961229e-01 5.32478974e-04]
0 [0.70699148 0.10522778 0.14679501 0.04098573]
0 [0.9757813  0.00341128 0.00201684 0.01879059]
3 [1.10421800e-01 4.76352025e-04 2.97178742e-03 8.86130061e-01]
0 [9.93335907e-01 1.02544359e-03 5.25153684e-03 3.87112677e-04]
1 [0.00158973 0.98869309 0.00322458 0.0064926 ]
1 [0.00260838 0.98958651 0.0018537  0.0059514 ]
1 [1.94433948e-02 9.76562626e-01 3.19317423e-03 8.00805432e-04]
1 [2.33801733e-04 7.83186968e-01 2.16423553e-01 1.55676524e-04]
3 [0.48843412 0.00058374 0.00194209 0.50904005]
2 [7.95389615e-04 4.35525058e-05 9.98713645e-01 4.47412442e-04]
0 [0.75117343 0.00850483 0.03364566 0.20667609]
2 [2.99353571e-03 5.61867567e-04 9.94697530e-01 1.74706629e-03]
2 [1.39657280e-02 7.96259132e-05 9.83492932e-01 2.46171439e-03]
1 [8.40731921e-04 9.96455438e-01 2.37337151e-03 3.30459023e-04]
1 [0.00240771 0.90254839 0.0481594  0.0468845 ]
3 [0.00216841 0.00282431 0.00512596 0.98988132]
2 [0.00833403 0.00210024 0.9675714  0.02199433]
1 [0.0027473  0.84909685 0.14278701 0.00536885]
2 [0.06328197 0.00844996 0.89062477 0.03764331]
3 [0.14586686 0.01468847 0.006016   0.83342866]
3 [0.12435871 0.28528569 0.00524219 0.58511341]
2 [0.03119468 0.00232583 0.96495863 0.00152086]
2 [6.46278247e-02 1.24983256e-04 9.33423374e-01 1.82381829e-03]
0 [9.93283877e-01 1.46188462e-03 6.43823252e-04 4.61041484e-03]
2 [0.00244558 0.0046767  0.99022692 0.0026508 ]
2 [3.22001296e-01 3.40460009e-04 6.77546057e-01 1.12186792e-04]
1 [0.12134595 0.52612533 0.3435497  0.00897903]
2 [3.58699062e-04 1.58643382e-01 8.27781300e-01 1.32166184e-02]
2 [8.28656029e-04 1.16211826e-04 9.98493241e-01 5.61891407e-04]
3 [2.39660594e-01 7.02382040e-04 1.13448757e-03 7.58502536e-01]
0 [0.65716654 0.17276543 0.02404986 0.14601817]
2 [1.14216599e-02 1.82050250e-05 9.87983231e-01 5.76904069e-04]
1 [0.0269219  0.95433357 0.0144399  0.00430463]
0 [0.60367759 0.00226705 0.00169473 0.39236062]
1 [0.00514795 0.99020567 0.00193231 0.00271408]
1 [0.44408066 0.5425012  0.00151242 0.01190573]
3 [3.92067599e-02 5.38835767e-04 4.34641388e-03 9.55907990e-01]
0 [0.75255012 0.00145008 0.00209836 0.24390144]
1 [0.04994734 0.76641369 0.14984725 0.03379172]
2 [2.00146626e-04 5.18244535e-05 9.49759541e-01 4.99884876e-02]
2 [3.20994036e-03 8.49931801e-05 9.95975243e-01 7.29823735e-04]
3 [2.79473022e-02 7.84303193e-04 9.23374130e-04 9.70345020e-01]
2 [0.02801049 0.00408541 0.92868281 0.03922129]
2 [0.00790097 0.0020724  0.98518599 0.00484065]
2 [0.00210317 0.13733325 0.84985288 0.0107107 ]
3 [2.85451757e-03 9.17416855e-04 1.20728923e-02 9.84155173e-01]
1 [0.00828601 0.98702819 0.00227465 0.00241115]
2 [0.04319025 0.10723712 0.84387688 0.00569575]
3 [4.40921968e-02 9.35047733e-04 1.23558984e-02 9.42616857e-01]
2 [1.25027073e-02 1.38680657e-04 9.79522135e-01 7.83647735e-03]
2 [0.04940191 0.05395215 0.86831718 0.02832876]
0 [9.96397895e-01 9.21463605e-04 1.69316355e-03 9.87478339e-04]
2 [4.01524571e-03 5.32408021e-04 9.93971725e-01 1.48062123e-03]
0 [0.68352141 0.08693119 0.22571392 0.00383348]
3 [0.00330759 0.02644824 0.01052881 0.95971536]
2 [3.23920706e-02 7.38108084e-04 9.64198759e-01 2.67106261e-03]
1 [0.00410225 0.98313177 0.00987091 0.00289507]
0 [8.24594003e-01 6.02674910e-05 2.20742081e-04 1.75124988e-01]
2 [3.23229064e-03 4.42540639e-05 9.95015019e-01 1.70843624e-03]
1 [2.08986113e-04 9.99634383e-01 5.46370134e-05 1.01993671e-04]
2 [8.50019946e-03 4.55477707e-03 9.86723137e-01 2.21886292e-04]
1 [1.96361798e-04 9.96011724e-01 1.36687149e-04 3.65522725e-03]
0 [9.98346869e-01 6.64703082e-04 5.32362312e-04 4.56065729e-04]
0 [9.98719350e-01 6.32865885e-05 6.41299750e-05 1.15323363e-03]
0 [9.97595769e-01 3.03610679e-05 4.47506934e-04 1.92636331e-03]
2 [5.51372635e-04 4.66972207e-05 9.98149534e-01 1.25239636e-03]
3 [2.26242131e-01 3.98211622e-05 2.65197867e-04 7.73452850e-01]
2 [0.01655444 0.0061007  0.96463939 0.01270547]
1 [0.02918168 0.90142693 0.0652683  0.0041231 ]
3 [0.03124959 0.0444607  0.02533323 0.89895647]
1 [7.70060777e-04 9.86956495e-01 1.17520120e-02 5.21432321e-04]
2 [5.61051073e-04 1.77835116e-03 9.97509421e-01 1.51176363e-04]
3 [2.58578034e-02 1.95262283e-05 8.00093687e-04 9.73322577e-01]
1 [0.03056327 0.78397557 0.04642094 0.13904022]
1 [0.01817146 0.95471137 0.00618226 0.02093491]
2 [0.02036826 0.47935135 0.48867167 0.01160872]
2 [0.15743294 0.22964559 0.57549517 0.0374263 ]
2 [3.24589000e-03 1.36510996e-05 9.96612886e-01 1.27573356e-04]
2 [0.09894096 0.07080484 0.82291768 0.00733653]
0 [0.92128477 0.05048403 0.02359004 0.00464116]
0 [0.97853845 0.0016362  0.0161651  0.00366024]
2 [0.25844214 0.0030079  0.73757114 0.00097882]
0 [9.93931935e-01 3.41250755e-05 1.79176273e-04 5.85476392e-03]
2 [0.0035172  0.00144787 0.98050865 0.01452628]
1 [3.06033545e-02 9.69122044e-01 4.69875685e-05 2.27613850e-04]
1 [7.92118870e-04 9.82897474e-01 2.91070194e-03 1.33997053e-02]
1 [4.84136858e-04 9.92013480e-01 7.29230670e-03 2.10076607e-04]
2 [0.00192325 0.00273185 0.99177883 0.00356606]
2 [0.03191533 0.00892659 0.94233092 0.01682717]
3 [0.09299464 0.00928161 0.01060373 0.88712003]
1 [3.58900506e-03 9.95665760e-01 4.55493931e-04 2.89740912e-04]
3 [0.02879695 0.03422183 0.0622466  0.87473461]
1 [2.32527345e-03 9.95133788e-01 2.09203573e-03 4.48902979e-04]
2 [0.01395733 0.00411535 0.96294273 0.01898459]
2 [8.84166030e-03 1.89149097e-04 9.90317265e-01 6.51925112e-04]
1 [0.00184089 0.99035471 0.000997   0.00680739]
3 [3.24819294e-01 6.09018185e-04 3.38676584e-03 6.71184922e-01]
0 [7.96607253e-01 4.85561101e-05 9.13758528e-05 2.03252815e-01]
1 [5.54363073e-04 9.96730822e-01 2.22313076e-03 4.91684377e-04]
0 [9.96439311e-01 4.88067775e-04 9.50684307e-04 2.12193645e-03]
3 [1.10983103e-01 4.06088171e-04 3.40591401e-03 8.85204895e-01]
1 [0.00129408 0.98079771 0.01352421 0.00438401]
1 [0.00236647 0.98531274 0.01049087 0.00182992]
3 [0.27550833 0.02123077 0.08542799 0.61783291]
0 [0.98758574 0.00386902 0.00627945 0.00226579]
1 [4.96077176e-03 9.76442894e-01 1.77513995e-02 8.44934260e-04]
0 [0.91050559 0.00863692 0.04406541 0.03679208]
0 [0.97245004 0.00468765 0.00195903 0.02090328]
1 [0.00177906 0.97778656 0.00399211 0.01644227]
3 [2.70232846e-02 5.59871984e-04 3.61739874e-02 9.36242856e-01]
1 [0.01891446 0.42229047 0.32175865 0.23703641]
1 [0.0018582  0.98039476 0.01181995 0.00592708]
0 [0.66552305 0.13913074 0.17849993 0.01684628]
2 [1.17008815e-03 7.22199765e-04 9.94136508e-01 3.97120449e-03]
1 [0.00224917 0.92127676 0.0754412  0.00103287]
3 [2.46539569e-02 9.42672803e-04 4.04727015e-03 9.70356100e-01]
0 [9.95575458e-01 1.77707194e-04 7.55139091e-05 4.17132046e-03]
2 [4.27665857e-02 7.38736144e-04 9.51523802e-01 4.97087581e-03]
2 [3.74606866e-03 1.76056031e-05 9.93951355e-01 2.28497114e-03]
0 [0.99401498 0.00248458 0.00197908 0.00152135]
3 [1.05461832e-01 5.80852267e-04 4.56208029e-03 8.89395235e-01]
0 [5.42881264e-01 6.99339138e-05 3.07611699e-03 4.53972685e-01]
1 [0.01471156 0.87560804 0.1067216  0.0029588 ]
0 [9.94323541e-01 6.56448239e-04 1.26313277e-03 3.75687810e-03]
0 [9.97402507e-01 1.67073044e-03 8.74776675e-04 5.19863436e-05]
2 [8.71167324e-02 4.44082631e-04 8.78425673e-01 3.40135124e-02]
0 [0.98834363 0.003298   0.00394118 0.00441719]
1 [0.00873155 0.87820549 0.10735944 0.00570352]
2 [0.00347809 0.00791884 0.92369896 0.06490411]
1 [2.09807868e-02 9.78196122e-01 3.92051867e-04 4.31039546e-04]
2 [0.01645263 0.06936059 0.88214875 0.03203803]
2 [3.72151168e-04 2.85785336e-03 9.94794325e-01 1.97567046e-03]
1 [0.00243802 0.98521175 0.00394415 0.00840608]
0 [0.82524032 0.13720454 0.0273545  0.01020064]
1 [0.00067384 0.55600238 0.442069   0.00125478]
1 [0.00144647 0.97200761 0.02545068 0.00109525]
1 [0.0048909  0.98413582 0.00794404 0.00302924]
2 [8.34257093e-04 8.65548306e-04 9.94609176e-01 3.69101894e-03]
0 [9.96794973e-01 1.16706297e-03 1.88961006e-03 1.48353509e-04]
0 [9.97292279e-01 4.65646760e-04 6.23904639e-04 1.61816942e-03]
0 [0.91360664 0.00266901 0.00511188 0.07861247]
2 [5.12930041e-03 1.02414361e-04 9.81720149e-01 1.30481361e-02]
2 [8.03502743e-04 4.63335880e-03 9.77916463e-01 1.66466750e-02]
1 [0.02386595 0.93665173 0.03618151 0.0033008 ]
2 [0.00138928 0.00154467 0.99339264 0.0036734 ]
1 [3.51672216e-04 9.67583742e-01 2.83150503e-02 3.74953511e-03]
3 [4.18423857e-01 6.93037637e-06 1.57735335e-04 5.81411477e-01]
2 [3.06941768e-02 5.40279131e-05 9.68373056e-01 8.78739352e-04]
3 [0.02436565 0.01200566 0.00458856 0.95904014]
0 [5.18691881e-01 1.92101323e-05 7.88280825e-03 4.73406101e-01]
2 [0.01398068 0.00564289 0.97866984 0.0017066 ]
0 [0.95729851 0.00135369 0.00734707 0.03400073]
1 [6.69035986e-03 9.84229967e-01 7.50251066e-04 8.32942243e-03]
0 [8.99502739e-01 7.46253664e-05 6.78679410e-04 9.97439558e-02]
2 [9.86596582e-04 1.26451845e-03 9.97553420e-01 1.95464854e-04]
1 [8.69384300e-04 9.98535151e-01 1.44194140e-04 4.51270214e-04]
1 [0.00548225 0.97726328 0.01067481 0.00657965]
0 [0.72519302 0.002538   0.01927277 0.2529962 ]
0 [9.95606060e-01 1.90521380e-03 2.41296756e-03 7.57585415e-05]
1 [0.00795057 0.98735007 0.00181482 0.00288454]
0 [8.66471948e-01 1.80541357e-04 9.84145765e-05 1.33249096e-01]
1 [7.57620220e-03 9.92095366e-01 2.03082533e-04 1.25349642e-04]
3 [8.45649287e-02 7.32887801e-04 8.71079462e-03 9.05991389e-01]
2 [0.08523685 0.01357417 0.70821549 0.19297348]
1 [0.00134019 0.9688429  0.0284082  0.00140871]
3 [0.32479838 0.00174691 0.06213924 0.61131547]
0 [0.53364982 0.00108758 0.36235408 0.10290852]
1 [0.01142521 0.89270486 0.08767335 0.00819659]
0 [6.87861406e-01 1.35395535e-05 3.59541825e-04 3.11765513e-01]
2 [0.03303644 0.04626552 0.91935285 0.0013452 ]
1 [2.11031245e-03 9.97454528e-01 3.88130811e-04 4.70286348e-05]
0 [0.7984443  0.15977871 0.01128378 0.03049321]
3 [0.12729537 0.00089384 0.00228812 0.86952267]
0 [9.83096532e-01 1.00013086e-03 5.17600600e-04 1.53857362e-02]
3 [1.82875754e-02 5.83949931e-05 1.27170185e-03 9.80382328e-01]
1 [5.18191683e-04 9.98615127e-01 7.24804356e-04 1.41876810e-04]
1 [1.74461459e-04 9.86470614e-01 1.33017559e-02 5.31687976e-05]
0 [0.97354421 0.00119411 0.02257905 0.00268264]
0 [0.75885159 0.15140332 0.02356654 0.06617855]
2 [2.12192467e-02 2.24357738e-04 9.78070038e-01 4.86357156e-04]
2 [0.04264309 0.18567472 0.60235501 0.16932718]
0 [0.95248801 0.00626328 0.04002679 0.00122193]
3 [0.2760625  0.00422964 0.16721079 0.55249707]
0 [0.57460097 0.27434326 0.04547915 0.10557663]
3 [2.27102729e-03 2.07552401e-04 7.81040352e-04 9.96740380e-01]
2 [7.17298281e-04 1.49549839e-04 9.22651773e-01 7.64813791e-02]
2 [3.08069461e-03 2.73541173e-05 9.96115639e-01 7.76312116e-04]
1 [6.17120565e-03 9.93500970e-01 1.46485396e-05 3.13176145e-04]
2 [0.01411944 0.00249469 0.96987761 0.01350827]
0 [5.14334074e-01 1.20307099e-02 2.09289088e-04 4.73425927e-01]
1 [0.01076507 0.97918191 0.00505353 0.00499949]
0 [0.97729501 0.00220163 0.00224784 0.01825551]
2 [5.81695688e-04 3.74799577e-02 9.61083260e-01 8.55086130e-04]
1 [1.16595088e-03 9.50866670e-01 4.77310676e-02 2.36311960e-04]
1 [0.00458777 0.98583856 0.00596639 0.00360728]
3 [0.00816684 0.02572368 0.00526791 0.96084157]
1 [0.00900571 0.91017486 0.02366169 0.05715774]
0 [9.68159826e-01 2.41784312e-03 4.85639918e-05 2.93737669e-02]
0 [0.98333948 0.00901489 0.00607779 0.00156784]
1 [0.0024693  0.91940701 0.03203068 0.04609301]
1 [2.18832881e-02 9.69558632e-01 7.60537041e-03 9.52709864e-04]
2 [1.21262813e-02 9.25697281e-04 9.86109173e-01 8.38848316e-04]
1 [0.01160122 0.955176   0.02623577 0.00698701]
1 [0.01663749 0.90347419 0.05919297 0.02069534]
2 [0.00895324 0.0977868  0.87878727 0.0144727 ]
2 [0.00381244 0.03132784 0.94467134 0.02018838]
2 [1.42640374e-03 4.27169293e-04 9.96784538e-01 1.36188917e-03]
2 [0.03057417 0.11731657 0.842644   0.00946526]
0 [8.78718325e-01 1.21747043e-04 6.38899216e-04 1.20521029e-01]
0 [9.87294858e-01 4.64948416e-05 1.16166803e-03 1.14969795e-02]
2 [0.0117342  0.02268597 0.92207029 0.04350954]
1 [0.03662757 0.93301208 0.02400117 0.00635918]
2 [0.00759697 0.00219088 0.98320748 0.00700468]
3 [0.28455691 0.0052905  0.00081142 0.70934116]
3 [0.00967193 0.03301283 0.03256482 0.92475042]
3 [0.00134255 0.00406764 0.01037475 0.98421506]
1 [0.0203684  0.93233535 0.04301015 0.00428611]
1 [0.0072363  0.96097753 0.03018034 0.00160583]
2 [0.0011799  0.00747527 0.9842051  0.00713973]
2 [2.97260641e-03 7.44415224e-04 9.95294419e-01 9.88558909e-04]
1 [0.07823604 0.74600338 0.01625614 0.15950444]
1 [0.00512296 0.95591    0.03795801 0.00100903]
2 [0.01717706 0.00570353 0.95255202 0.02456738]
3 [0.43932504 0.00198119 0.0010907  0.55760307]
1 [0.02591584 0.96061349 0.01205969 0.00141098]
1 [0.03373502 0.96177276 0.00268277 0.00180944]
2 [6.55308868e-03 1.51475252e-03 9.91158052e-01 7.74106934e-04]
1 [3.21948178e-03 9.94604134e-01 1.62868863e-03 5.47695387e-04]
1 [0.01278638 0.47789398 0.44022372 0.06909592]
0 [5.16766235e-01 5.39357568e-05 1.36472912e-04 4.83043356e-01]
2 [2.66700693e-03 1.76697018e-04 9.91938567e-01 5.21772896e-03]
1 [0.00105954 0.90433371 0.07446257 0.02014418]
2 [0.00181778 0.02006214 0.95050709 0.02761299]
3 [8.09959014e-02 1.04805943e-04 8.33934907e-04 9.18065358e-01]
1 [7.88605961e-04 9.98536910e-01 6.60311557e-04 1.41725401e-05]
1 [0.0104396  0.9422385  0.04337575 0.00394615]
1 [1.86581236e-02 9.48380510e-01 3.23876090e-02 5.73756922e-04]
1 [0.00805217 0.95685582 0.00491431 0.03017769]
1 [5.75667714e-05 5.57824833e-01 4.42080022e-01 3.75776062e-05]
0 [9.93295975e-01 6.10491764e-05 1.31641206e-04 6.51133420e-03]
3 [1.64694144e-03 3.76969844e-04 9.36881446e-03 9.88607274e-01]
2 [1.36433587e-03 6.90292748e-06 9.96069797e-01 2.55896465e-03]
0 [0.86824882 0.00171985 0.03349935 0.09653198]
0 [0.91505735 0.03524361 0.04275068 0.00694836]
0 [9.49053355e-01 3.45287183e-04 1.51251743e-03 4.90888400e-02]
1 [2.77092397e-05 5.34868541e-01 2.92805424e-04 4.64810944e-01]
0 [6.73500847e-01 3.73239693e-04 1.81383596e-04 3.25944530e-01]
2 [0.0338905  0.0035379  0.95746064 0.00511096]
1 [6.80189231e-04 5.34337328e-01 4.64971502e-01 1.09807333e-05]
3 [4.79527651e-03 7.26287508e-05 2.70716395e-04 9.94861378e-01]
1 [4.40595521e-03 9.92832442e-01 2.73490392e-03 2.66986173e-05]
1 [2.19129673e-03 9.93084068e-01 9.70214414e-04 3.75442043e-03]
3 [0.42846604 0.00326087 0.01403184 0.55424125]
1 [0.02415627 0.9451662  0.01194006 0.01873748]
0 [0.91856646 0.04748192 0.02152905 0.01242256]
1 [0.0048899  0.93145957 0.05188927 0.01176126]
2 [5.01417328e-04 4.73104314e-05 9.98684017e-01 7.67255028e-04]
1 [3.47560914e-02 9.64634774e-01 1.72828176e-04 4.36306016e-04]
1 [3.00123220e-05 8.93368058e-01 2.20656172e-02 8.45363128e-02]
2 [1.16899733e-03 8.27911189e-05 9.93495408e-01 5.25280349e-03]
2 [0.01148703 0.00744558 0.51272171 0.46834568]
3 [0.02628921 0.00908371 0.01645476 0.94817232]
0 [0.91157803 0.01237669 0.00638143 0.06966385]
2 [0.00913141 0.01407081 0.87657772 0.10022007]
0 [9.98180626e-01 5.68688940e-04 5.57464347e-04 6.93220338e-04]
0 [9.65701709e-01 1.57202717e-04 4.90052553e-03 2.92405624e-02]
1 [1.73043658e-03 9.52303757e-01 4.52829554e-02 6.82851206e-04]
3 [1.33098349e-02 2.53158507e-04 2.71019897e-03 9.83726808e-01]
2 [0.08019557 0.04379513 0.87488901 0.00112029]
3 [2.58338487e-01 1.78201238e-04 2.71352863e-04 7.41211959e-01]
3 [1.17391525e-02 1.62036951e-04 3.04060290e-04 9.87794750e-01]
2 [0.0012351  0.00184923 0.99257817 0.00433749]
0 [0.95574654 0.00913277 0.00509062 0.03003008]
1 [3.81509069e-03 9.94797839e-01 1.28480762e-03 1.02262969e-04]
1 [0.0082292  0.97586367 0.00858172 0.00732542]
0 [0.43378707 0.30857471 0.25350789 0.00413033]
1 [0.00453636 0.98451898 0.00220894 0.00873572]
2 [0.02909432 0.00323491 0.96342826 0.00424251]
1 [0.00930408 0.93953414 0.01405068 0.03711109]
0 [0.88005562 0.07013491 0.02245747 0.02735199]
1 [0.00994494 0.87969432 0.08028512 0.03007562]
1 [0.10536432 0.68205812 0.01965812 0.19291944]
1 [2.45887812e-04 9.95370539e-01 7.89634468e-04 3.59393916e-03]
3 [3.27275656e-02 2.04056961e-05 3.42777023e-04 9.66909252e-01]
2 [1.18671289e-02 9.47108722e-04 9.86094602e-01 1.09116000e-03]
3 [0.02621372 0.00144908 0.00152748 0.97080972]
2 [7.12378859e-03 4.30743494e-05 9.91902253e-01 9.30883923e-04]
1 [2.90093227e-04 9.96228671e-01 1.63294984e-03 1.84828562e-03]
3 [0.43921236 0.00079489 0.0015302  0.55846255]
1 [0.00308575 0.98136964 0.00696759 0.00857702]
1 [0.00224804 0.96437476 0.02923351 0.00414368]
3 [2.05730868e-02 1.20837066e-04 1.08176962e-03 9.78224307e-01]
2 [0.00112574 0.00107606 0.98883279 0.00896541]
0 [0.99288737 0.00204457 0.00237792 0.00269014]
1 [0.01099718 0.963131   0.02027125 0.00560056]
2 [8.77708096e-04 7.42232415e-06 9.95133100e-01 3.98177006e-03]
2 [4.11790244e-01 2.26185919e-04 5.87789619e-01 1.93950789e-04]
1 [0.00618021 0.98944868 0.00308324 0.00128787]
1 [0.00900622 0.61410097 0.02800796 0.34888486]
2 [1.92456502e-03 5.28743534e-06 9.97412028e-01 6.58119186e-04]
3 [0.04575492 0.21565099 0.12838066 0.61021342]
0 [9.85454175e-01 9.72367245e-05 4.91278323e-03 9.53580547e-03]
2 [1.19048273e-02 9.67674169e-05 9.80996988e-01 7.00141706e-03]
2 [0.00451429 0.00629989 0.98396988 0.00521594]
2 [2.75467494e-03 2.24665342e-04 9.96339183e-01 6.81476537e-04]
1 [3.22778613e-04 7.61174701e-01 2.38472850e-01 2.96703908e-05]
2 [1.46935459e-03 8.73997602e-04 9.95893578e-01 1.76306967e-03]
3 [2.96905426e-01 7.60987750e-05 7.11663571e-04 7.02306812e-01]
0 [0.97332977 0.00462338 0.00282937 0.01921748]
1 [0.01665644 0.88306178 0.04617799 0.05410378]
0 [0.91393136 0.04949756 0.0289057  0.00766538]
2 [0.01030852 0.10055458 0.88215441 0.00698248]
3 [4.70157047e-01 5.09757345e-06 1.93843864e-05 5.29818471e-01]
1 [0.00418623 0.98130597 0.00571005 0.00879774]
2 [1.55149947e-02 5.87279620e-04 9.78078199e-01 5.81952714e-03]
2 [1.96515532e-03 3.09341282e-03 9.94277736e-01 6.63696158e-04]
1 [0.00208263 0.93738545 0.04705003 0.0134819 ]
2 [4.16678999e-04 1.96810360e-01 8.02691662e-01 8.12989533e-05]
2 [0.00814387 0.03511952 0.94533087 0.01140575]
1 [0.01610332 0.90587467 0.04333075 0.03469125]
0 [9.36170026e-01 8.32363392e-06 7.26881986e-04 6.30947685e-02]
3 [0.08906272 0.00260109 0.00696671 0.90136949]
2 [8.15100646e-04 1.86970734e-02 9.79757934e-01 7.29891934e-04]
3 [0.2707454  0.19247257 0.12228911 0.41449292]
1 [0.00713702 0.97091658 0.01174585 0.01020054]
3 [9.79803128e-03 4.86711878e-04 2.08358083e-02 9.68879449e-01]
1 [8.46260206e-04 9.94997009e-01 2.31807619e-03 1.83865413e-03]
1 [0.00100839 0.90279051 0.09181875 0.00438234]
1 [9.47967090e-04 9.73933262e-01 1.09687067e-02 1.41500641e-02]
1 [0.02033918 0.90013705 0.06680997 0.0127138 ]
3 [0.0195677  0.02500192 0.01583146 0.93959892]
1 [0.01725414 0.97236892 0.00845831 0.00191863]
3 [0.15404771 0.25856592 0.01395671 0.57342966]
1 [8.03176762e-03 9.87520676e-01 3.65857626e-03 7.88979669e-04]
2 [2.39975796e-04 3.78833753e-04 9.98364024e-01 1.01716689e-03]
0 [0.97214638 0.00461218 0.0183295  0.00491194]
0 [0.81001438 0.11742013 0.06218357 0.01038192]
3 [7.91796249e-02 6.01084072e-04 2.54262589e-02 8.94793032e-01]
1 [0.00227545 0.94856594 0.04114114 0.00801747]
3 [0.08452629 0.27063142 0.08023333 0.56460896]
2 [9.33027163e-02 1.55062345e-05 9.05492154e-01 1.18962323e-03]
2 [6.07771644e-03 4.81824457e-04 9.88775552e-01 4.66490682e-03]
2 [2.05396410e-03 4.16381513e-04 9.90060080e-01 7.46957402e-03]
1 [1.11189536e-03 9.66992582e-01 3.12645383e-02 6.30984091e-04]
0 [0.91552707 0.02099969 0.06244086 0.00103238]
0 [7.85825503e-01 1.25556006e-04 3.11172831e-04 2.13737768e-01]
0 [0.78985249 0.0009175  0.00082898 0.20840103]
1 [0.02474367 0.71175559 0.10805911 0.15544162]
0 [0.99117162 0.00240102 0.00514834 0.00127902]
1 [4.89372974e-04 9.91458764e-01 1.75970679e-03 6.29215634e-03]
2 [2.38148731e-02 5.69222732e-04 9.68415438e-01 7.20046580e-03]
0 [9.71443391e-01 6.75029391e-04 1.14126951e-03 2.67403105e-02]
1 [0.08471171 0.70659046 0.1911066  0.01759123]
1 [0.00776015 0.98702699 0.00232174 0.00289113]
2 [2.12361566e-03 2.88718404e-07 9.97530392e-01 3.45703574e-04]
2 [8.02336703e-03 5.45115589e-04 9.85661662e-01 5.76985562e-03]
1 [0.00679489 0.67658637 0.28502457 0.03159416]
1 [0.00695058 0.96623531 0.02373521 0.0030789 ]
0 [6.71497607e-01 1.43442970e-04 6.47669097e-04 3.27711281e-01]
1 [0.00510279 0.98020659 0.00907521 0.00561541]
2 [0.00109843 0.07177169 0.92082941 0.00630047]
2 [0.10152041 0.02216833 0.8380242  0.03828706]
0 [9.87618710e-01 4.25217831e-04 3.26741723e-03 8.68865468e-03]
1 [2.74798603e-03 9.95817983e-01 2.83719056e-04 1.15031221e-03]
1 [1.75842252e-03 9.97910984e-01 2.58179950e-04 7.24139945e-05]
2 [2.47721189e-03 6.25269037e-05 9.97296132e-01 1.64128915e-04]
2 [0.03004341 0.00106408 0.96638934 0.00250316]
0 [0.66685905 0.00865873 0.32182072 0.00266149]
0 [0.95882959 0.00387518 0.02935462 0.00794062]
1 [0.03156278 0.82911836 0.11716591 0.02215296]
2 [0.00712052 0.02739806 0.96391762 0.0015638 ]
1 [0.00126188 0.95380399 0.00391021 0.04102391]
3 [0.41138915 0.00153644 0.0051229  0.58195151]
3 [0.06744829 0.109787   0.06248166 0.76028305]
2 [0.01464427 0.01096158 0.97161222 0.00278192]
0 [0.92502518 0.00099684 0.00672646 0.06725152]
3 [1.50943125e-02 8.73162381e-05 1.42457890e-03 9.83393792e-01]
3 [0.38442907 0.01402411 0.00688425 0.59466257]
1 [0.03079643 0.93541878 0.01277935 0.02100545]
1 [0.00244726 0.9773085  0.00251091 0.01773333]
3 [1.92319864e-01 3.92990281e-04 9.50593529e-03 7.97781210e-01]
3 [0.01502814 0.01030544 0.32896073 0.6457057 ]
3 [0.22690638 0.04803869 0.20059132 0.52446361]
3 [2.93429640e-01 2.66506685e-04 4.28172736e-03 7.02022126e-01]
1 [1.83044557e-02 9.78211926e-01 3.18528377e-03 2.98334880e-04]
3 [1.73840315e-02 1.28095646e-04 5.14205084e-04 9.81973668e-01]
1 [8.80800100e-03 9.86741348e-01 3.68999074e-03 7.60660348e-04]
2 [0.00419514 0.00216396 0.99096733 0.00267357]
0 [0.97504967 0.01189583 0.0120633  0.00099121]
2 [0.12626105 0.04746901 0.82485564 0.0014143 ]
2 [0.00273559 0.00098049 0.94582978 0.05045415]
0 [0.94621856 0.01417672 0.01001217 0.02959255]
1 [0.2248356  0.75442295 0.0194053  0.00133616]
3 [0.47572385 0.00274625 0.01814291 0.50338699]
1 [1.05146532e-03 9.96258040e-01 9.81878355e-04 1.70861667e-03]
1 [8.71912441e-04 9.89552914e-01 6.60971565e-03 2.96545796e-03]
2 [0.00597616 0.00272288 0.98575106 0.0055499 ]
0 [0.78237194 0.00777018 0.00776727 0.20209061]
1 [3.15986814e-04 9.94123377e-01 5.73285911e-04 4.98735013e-03]
2 [3.51852713e-03 2.12766701e-02 9.74989620e-01 2.15182575e-04]
0 [9.92840421e-01 3.71886592e-04 7.20521429e-04 6.06717142e-03]
2 [3.38082721e-03 4.18634517e-04 9.93361825e-01 2.83871346e-03]
1 [2.31987122e-03 9.90647564e-01 6.98235671e-03 5.02076619e-05]
3 [0.30197175 0.00077802 0.26627542 0.43097482]
2 [5.91064979e-04 3.64531930e-04 9.91709954e-01 7.33444947e-03]
0 [0.76509329 0.00439867 0.01136297 0.21914507]
2 [3.11617081e-03 9.51885632e-05 9.96098240e-01 6.90400519e-04]
2 [0.0052284  0.00134254 0.98827399 0.00515507]
3 [1.08526503e-02 8.39242583e-04 4.58009978e-03 9.83728007e-01]
2 [0.00197518 0.01099584 0.98305615 0.00397283]
0 [0.9697999  0.00947557 0.0085352  0.01218934]
3 [2.57423035e-02 1.20102117e-03 6.19186197e-04 9.72437489e-01]
0 [0.90717322 0.0043279  0.00265615 0.08584274]
2 [0.03107934 0.28935796 0.6418327  0.03773   ]
0 [9.22769897e-01 6.22151938e-04 7.64480186e-02 1.59932184e-04]
1 [0.04901974 0.93074568 0.01712509 0.00310948]
1 [0.02046096 0.94196981 0.01366416 0.02390507]
1 [0.00213787 0.98900806 0.00704901 0.00180506]
0 [9.73751307e-01 4.86598330e-04 1.43580991e-03 2.43262850e-02]
2 [0.05875024 0.09906163 0.82284625 0.01934189]
2 [0.01324113 0.03656887 0.92612853 0.02406148]
1 [0.01413385 0.87571218 0.06354041 0.04661356]
2 [7.81541812e-04 8.59923277e-03 9.76518466e-01 1.41007596e-02]
1 [0.0068152  0.49037399 0.32640951 0.17640129]
2 [2.96632520e-03 1.16154612e-04 9.95783614e-01 1.13390654e-03]
0 [0.95382948 0.01528718 0.00848256 0.02240077]
2 [0.13544852 0.09685044 0.70586672 0.06183432]
1 [0.0044897  0.98689616 0.00710754 0.00150659]
2 [0.01438037 0.00929386 0.96522742 0.01109836]
0 [0.99270727 0.00118764 0.00275773 0.00334736]
1 [0.00269145 0.96532522 0.02515216 0.00683117]
1 [0.00423072 0.98862173 0.00581422 0.00133334]
0 [9.13878274e-01 1.51565424e-04 9.31905321e-04 8.50382552e-02]
2 [0.00157277 0.01464335 0.98131138 0.00247251]
1 [1.50640949e-03 9.51037152e-01 4.67595859e-02 6.96852133e-04]
2 [1.39040644e-03 7.80234663e-05 9.98360147e-01 1.71423464e-04]
3 [2.82168096e-01 1.63643876e-04 6.99482516e-05 7.17598312e-01]
1 [0.03327532 0.95949052 0.00598888 0.00124527]
2 [8.28267700e-03 8.01423495e-04 9.90090327e-01 8.25572577e-04]
2 [0.1715166  0.00164738 0.82538603 0.00144999]
3 [0.25065487 0.02861067 0.01621249 0.70452197]
3 [1.22537732e-02 5.10410869e-05 1.54441612e-03 9.86150770e-01]
0 [8.40474809e-01 2.98522645e-05 1.59443578e-01 5.17609863e-05]
1 [1.53962295e-03 9.98403359e-01 7.80523581e-06 4.92127818e-05]
3 [0.00235525 0.01235597 0.00421246 0.98107632]
3 [2.97472771e-02 4.40563383e-05 2.07900491e-04 9.70000766e-01]
2 [0.01672822 0.00532027 0.96167154 0.01627997]
2 [0.08582572 0.02839086 0.83656019 0.04922323]
1 [0.00116833 0.89806848 0.00150478 0.09925841]
2 [0.00801661 0.03347016 0.94907661 0.00943662]
3 [3.77492581e-01 2.31530552e-04 7.07866386e-04 6.21568023e-01]
1 [0.00285363 0.89510387 0.09955311 0.00248939]
2 [0.00651852 0.02577608 0.93347112 0.03423428]
2 [3.45668184e-03 2.09983803e-05 9.93722548e-01 2.79977207e-03]
3 [0.06789453 0.16850005 0.01572033 0.74788508]
0 [9.97966654e-01 1.60521138e-03 2.80386543e-04 1.47748445e-04]
2 [0.0710112  0.10484304 0.78046031 0.04368546]
0 [5.66473942e-01 2.67930526e-04 1.60792049e-03 4.31650207e-01]
0 [0.7968072  0.0037712  0.00369667 0.19572493]
2 [0.08101018 0.0321425  0.47743267 0.40941464]
3 [0.03870918 0.05088441 0.14849437 0.76191203]
2 [3.87918769e-03 6.89867076e-05 9.94118678e-01 1.93314745e-03]
2 [0.00232698 0.02216828 0.91593129 0.05957345]
2 [5.08121740e-04 8.03948318e-06 9.98999212e-01 4.84626890e-04]
0 [0.90052425 0.02668099 0.03933896 0.0334558 ]
2 [3.60039854e-03 4.24492992e-05 9.96245230e-01 1.11922585e-04]
1 [3.96575370e-02 9.55829981e-01 4.12135393e-03 3.91128168e-04]
3 [0.09076194 0.00140371 0.00173771 0.90609664]
1 [0.0207129  0.800752   0.11724004 0.06129506]
3 [0.03431397 0.02181781 0.00143994 0.94242828]
0 [9.96334324e-01 1.20637613e-03 2.45133418e-04 2.21416616e-03]
3 [4.16116343e-02 4.70972626e-04 1.24521457e-02 9.45465247e-01]
3 [0.04425998 0.00779515 0.01754854 0.93039634]
2 [1.33370646e-02 3.32411149e-04 9.84985012e-01 1.34551228e-03]
1 [3.44714349e-04 9.92810420e-01 5.87212836e-03 9.72737346e-04]
3 [6.03116203e-05 6.38348898e-04 1.29320689e-03 9.98008133e-01]
1 [0.0021323  0.9835189  0.00548816 0.00886063]
2 [2.19992589e-02 2.99590441e-03 9.74914629e-01 9.02073657e-05]
2 [2.19946499e-04 4.13933558e-05 9.99263972e-01 4.74688090e-04]
3 [0.00575805 0.00202548 0.03827421 0.95394226]
3 [2.39564905e-02 4.36285271e-04 3.50060689e-03 9.72106617e-01]
2 [2.09031776e-03 9.67458873e-04 9.94575798e-01 2.36642565e-03]
1 [0.14153455 0.69913395 0.14785929 0.01147221]
2 [9.86715599e-04 2.88814034e-06 9.98853500e-01 1.56896733e-04]
3 [0.08847931 0.00913174 0.14982128 0.75256767]
0 [0.81755378 0.00096861 0.17642282 0.0050548 ]
1 [0.00129246 0.89890954 0.09704351 0.00275449]
1 [0.00209823 0.81286745 0.18375989 0.00127442]
2 [6.18754501e-03 6.42766168e-04 9.88730798e-01 4.43889102e-03]
2 [1.14764402e-03 4.54347934e-05 9.98711076e-01 9.58450643e-05]
0 [9.58832159e-01 7.46984398e-05 4.27622627e-04 4.06655202e-02]
1 [0.00186072 0.99263001 0.00185485 0.00365442]
1 [0.01255407 0.94823    0.02984579 0.00937014]
1 [0.00388113 0.98924903 0.00110234 0.0057675 ]
2 [0.0026933  0.01269861 0.96420425 0.02040383]
1 [0.00848202 0.72096347 0.24077799 0.02977652]
2 [0.01293088 0.00103871 0.97932188 0.00670853]
2 [0.00300471 0.00242514 0.99245721 0.00211295]
3 [5.78380882e-02 1.20033380e-04 9.42764490e-04 9.41099114e-01]
1 [1.12680215e-01 8.45465185e-01 4.15614300e-02 2.93170656e-04]
0 [6.39685068e-01 8.75080904e-04 3.29415703e-04 3.59110436e-01]
3 [0.04765679 0.0101605  0.00816057 0.93402213]
2 [0.02659701 0.39654139 0.51588463 0.06097696]
2 [2.63143139e-03 1.11331582e-04 9.95002820e-01 2.25441736e-03]
1 [3.17009057e-03 9.95297562e-01 1.21051666e-03 3.21830316e-04]
0 [9.92340067e-01 4.38056618e-05 1.04661409e-04 7.51146575e-03]
0 [0.96982007 0.00299412 0.01496701 0.01221881]
2 [1.61700268e-02 3.66138447e-04 9.75521230e-01 7.94260523e-03]
1 [2.15135738e-03 9.96629986e-01 2.34334195e-04 9.84322485e-04]
1 [6.60758508e-04 9.99264808e-01 4.26496807e-05 3.17833741e-05]
3 [3.12584854e-01 6.29356040e-04 2.69187486e-03 6.84093915e-01]
0 [0.90998707 0.02281717 0.06467847 0.00251729]
2 [0.00272089 0.06429432 0.92999293 0.00299186]
2 [6.64673220e-04 4.10998387e-04 9.98704808e-01 2.19520233e-04]
3 [0.00476914 0.03608342 0.01967681 0.93947063]
0 [0.96782221 0.02053537 0.0048417  0.00680073]
1 [5.19551886e-04 9.87414479e-01 7.71360324e-03 4.35236616e-03]
2 [1.37726634e-02 3.86872778e-05 9.78352415e-01 7.83623431e-03]
0 [5.96391787e-01 1.28016042e-05 7.64815048e-05 4.03518930e-01]
1 [0.00126991 0.9948581  0.00100488 0.0028671 ]
3 [4.09433076e-02 4.02089523e-04 1.90417803e-03 9.56750425e-01]
0 [9.49981022e-01 8.86907781e-04 5.65977484e-03 4.34722952e-02]
3 [0.0401002  0.00134891 0.00218554 0.95636535]
1 [0.2643069  0.42184689 0.20392006 0.10992614]
0 [9.83978937e-01 6.06408010e-04 5.30131559e-03 1.01133394e-02]
2 [1.40595690e-03 1.20637031e-04 9.98232413e-01 2.40993538e-04]
1 [6.26005294e-03 9.92742013e-01 8.32024294e-04 1.65909419e-04]
1 [0.0024037  0.95294924 0.04250734 0.00213971]
1 [0.00398609 0.98321609 0.00822602 0.0045718 ]
0 [0.49928614 0.41579025 0.04796671 0.0369569 ]
3 [5.36713463e-02 9.69105656e-04 6.05125579e-05 9.45299035e-01]
2 [0.00140606 0.00461933 0.97838213 0.01559248]
0 [0.85629272 0.06715469 0.06916487 0.00738773]
2 [4.10735747e-01 1.82842461e-03 5.87010105e-01 4.25723893e-04]
2 [0.01339476 0.04792767 0.93021724 0.00846032]
1 [0.01446609 0.94918503 0.02097455 0.01537433]
3 [0.12910456 0.02383301 0.1061474  0.74091503]
1 [0.00516633 0.99228642 0.00116944 0.00137781]
0 [0.98601244 0.00193338 0.0029315  0.00912267]
2 [0.00314408 0.01588029 0.90485748 0.07611814]
3 [8.02493989e-03 1.05570567e-04 2.60926593e-04 9.91608563e-01]
0 [0.8617011  0.01028537 0.11056817 0.01744536]
2 [1.52238117e-03 5.83563013e-05 9.96270964e-01 2.14829874e-03]
2 [0.00996587 0.00119667 0.88805912 0.10077834]
1 [0.00170713 0.99408903 0.00122159 0.00298225]
2 [0.00540623 0.25995111 0.72811492 0.00652774]
0 [0.9517028  0.0347552  0.0121913  0.00135069]
2 [3.65114165e-03 2.02186334e-04 9.92846779e-01 3.29989333e-03]
0 [9.96562734e-01 8.75566211e-04 2.42718315e-03 1.34517041e-04]
1 [6.79847114e-03 9.90893734e-01 2.20091102e-03 1.06883694e-04]
0 [0.9336868  0.0026866  0.06221524 0.00141135]
0 [9.95807114e-01 2.20145370e-03 9.28504865e-04 1.06292745e-03]
3 [0.05112142 0.00800683 0.01709358 0.92377817]
3 [1.71344924e-02 9.72296127e-04 9.68998558e-04 9.80924213e-01]
0 [0.61376112 0.02523545 0.30010498 0.06089845]
2 [5.95575076e-04 4.03209799e-04 9.93428587e-01 5.57262785e-03]
0 [9.96031814e-01 2.57268406e-03 1.10595016e-03 2.89551525e-04]
1 [0.02634188 0.89632357 0.07438097 0.00295358]
1 [6.01738821e-04 9.88428641e-01 3.08006740e-04 1.06616135e-02]
1 [0.02505638 0.96634733 0.00505171 0.00354458]
0 [9.10035431e-01 1.59869980e-04 4.37948764e-04 8.93667504e-02]
1 [0.00817598 0.98072896 0.00224138 0.00885368]
1 [0.0061763  0.64150076 0.35155972 0.00076322]
3 [6.74798659e-02 5.24142781e-04 3.43407886e-04 9.31652583e-01]
1 [0.09880954 0.78740064 0.01238973 0.10140009]
1 [7.08094393e-04 9.67900627e-01 2.27559163e-03 2.91156866e-02]
3 [0.04509993 0.00935846 0.00489061 0.940651  ]
1 [0.00917339 0.97620744 0.01130462 0.00331454]
1 [8.95846321e-04 9.50716954e-01 4.79420903e-02 4.45109525e-04]
0 [9.65553032e-01 3.23304323e-04 1.17341957e-03 3.29502439e-02]
3 [0.01424081 0.02176227 0.00153395 0.96246297]
2 [1.14549682e-02 2.37427135e-05 9.85199294e-01 3.32199527e-03]
1 [0.00173547 0.8362878  0.15434562 0.00763111]
2 [0.06973496 0.0225125  0.8946911  0.01306144]
2 [9.37802786e-02 1.22448131e-03 9.04783413e-01 2.11827216e-04]
2 [2.90770858e-03 3.22407925e-04 9.96446530e-01 3.23353995e-04]
1 [0.00602478 0.8246008  0.13292479 0.03644963]
1 [0.0298312  0.914825   0.04403141 0.01131239]
0 [5.85303723e-01 1.01422065e-05 5.46628699e-05 4.14631472e-01]
1 [2.17461343e-03 9.97342751e-01 2.16363617e-04 2.66271778e-04]
2 [1.93878625e-01 3.78843311e-05 8.05225319e-01 8.58172368e-04]
3 [0.03056132 0.13476343 0.38824119 0.44643405]
1 [2.36650124e-03 9.95380566e-01 1.90130798e-03 3.51624768e-04]
1 [7.29453859e-03 9.91421158e-01 3.33142940e-04 9.51160711e-04]
