0 [0.77451749 0.22548251]
0 [0.88651329 0.11348671]
1 [0.00912386 0.99087614]
0 [0.99271562 0.00728438]
0 [0.9800655 0.0199345]
1 [0.00113882 0.99886118]
0 [0.89300909 0.10699091]
1 [0.00143253 0.99856747]
1 [0.00366284 0.99633716]
1 [0.02679051 0.97320949]
0 [0.99419916 0.00580084]
1 [0.07281625 0.92718375]
0 [0.90656009 0.09343991]
0 [0.99501908 0.00498092]
1 [0.00208322 0.99791678]
0 [0.99608971 0.00391029]
0 [0.96884147 0.03115853]
1 [0.33530355 0.66469645]
0 [0.654251 0.345749]
1 [0.00166841 0.99833159]
1 [6.57413286e-04 9.99342587e-01]
1 [0.00309641 0.99690359]
0 [0.93047762 0.06952238]
1 [0.04062032 0.95937968]
0 [0.97260956 0.02739044]
0 [0.9797853 0.0202147]
0 [0.52137162 0.47862838]
1 [0.05291703 0.94708297]
1 [5.78420386e-04 9.99421580e-01]
1 [0.02544131 0.97455869]
0 [0.99867174 0.00132826]
0 [0.99046625 0.00953375]
1 [0.04266974 0.95733026]
0 [0.99517711 0.00482289]
0 [0.96253722 0.03746278]
1 [0.00376957 0.99623043]
0 [0.99773365 0.00226635]
0 [0.94172298 0.05827702]
1 [0.00663037 0.99336963]
0 [0.99110591 0.00889409]
1 [0.00670005 0.99329995]
1 [0.05682504 0.94317496]
0 [0.96105921 0.03894079]
0 [0.94791382 0.05208618]
1 [0.00292988 0.99707012]
0 [0.87272123 0.12727877]
1 [0.02458652 0.97541348]
1 [0.00646641 0.99353359]
0 [0.99295724 0.00704276]
0 [0.98389494 0.01610506]
0 [0.99494625 0.00505375]
1 [0.02432599 0.97567401]
1 [0.04341163 0.95658837]
0 [0.94207611 0.05792389]
1 [0.44219831 0.55780169]
0 [0.94111471 0.05888529]
1 [0.02767342 0.97232658]
1 [0.00845227 0.99154773]
1 [0.01445875 0.98554125]
0 [0.9668011 0.0331989]
0 [0.98216868 0.01783132]
1 [0.07758584 0.92241416]
0 [0.95799142 0.04200858]
1 [0.04700239 0.95299761]
1 [0.02657997 0.97342003]
0 [0.97511006 0.02488994]
1 [0.49904028 0.50095972]
0 [0.92106761 0.07893239]
1 [0.01573826 0.98426174]
1 [0.00271553 0.99728447]
1 [0.03565149 0.96434851]
0 [0.79379807 0.20620193]
1 [8.92059813e-04 9.99107940e-01]
1 [0.06268084 0.93731916]
1 [0.00508862 0.99491138]
0 [0.95183273 0.04816727]
0 [0.97305339 0.02694661]
1 [0.01450352 0.98549648]
1 [0.09552167 0.90447833]
0 [0.87910583 0.12089417]
0 [0.96730869 0.03269131]
1 [0.01302099 0.98697901]
0 [0.94297799 0.05702201]
0 [0.94801301 0.05198699]
0 [0.99635557 0.00364443]
1 [0.15898093 0.84101907]
1 [0.08198034 0.91801966]
1 [0.05777595 0.94222405]
0 [0.99845442 0.00154558]
0 [0.99436338 0.00563662]
1 [0.12437197 0.87562803]
1 [0.01455982 0.98544018]
0 [0.98394765 0.01605235]
